140 1316 561 209 692 331 327 209 1101 926 596 380 336 1175 1025 672 979 1076 783 610 1232 1110 671 1364 1148 900 564 1394 932 515 1060 1270 1150 289 769 788 892 221 851 817 1130 264 827 590 545 815 1177 1086 920 610 807 494 891 669 1111 715 279 1221 435 451 1010 351 459 775 1225 1309 777 320 639 517 431 216 279 252 1179 767 529 377 1356 1292 823 516 525 586 1017 1139 958 747 246 1391 329 935 1175 1188 990 1250 1246 1085 1055 1199 1095 794 291 1260 1343 346 606 947 761 324 463 350 446 845 1342 960 580 604 889 1173 606 1189 868 222 1141 458 870 540 1257 222 298 803 205 518 1268 1216 783 428 724 543 489 1246 355 763 1215 285 684 1346 367 257 1112 598 895 1379 704 806 1087 364 762 1166 576 931 1178 1010 877 650 1172 621 677 513 411 450 1117 1297 740 1200 817 569 785 1316 236 1023 493 340 280 1312 329 265 277 664 1140 365 505 577 737 1397 983 230 632 795 1242 1343 1343 928 911 1294 910 1077 320 324 438 429 950 946 1080 669 1322 536 824 242 295 791 740 690 855 276 719 686 859 424 367 445 906 1063 532 1190 1266 223 892 433 567 221 783 1127 697 227 1014 808 1075 913 644 607 875 1194 422 353 1189 278 475 406 726 1030 768 1113 1352 623 558 452 1049 1231 1160 1199 665 1312 382 209 935 1361 444 641 802 537 844 1245 597 277 1102 1039 1294 962 1085 1398 217 807 667 542 922 246 1382 978 301 1299 1380 534 1335 532 704 485 222 943 626 1046 713 759 824 1347 885 984 579 898 1340 1339
1416 360 1759 1467 985 1402 1535 1485 2311 2150 1703 1425 1592 1221 794 1160 1963 615 2017 1256 721 1077 1007 2259 1044 1415 1211 1391 1791 1206 947 2524 2420 1469 999 1087 1479 1483 1351 1277 2216 1532 1662 1754 1561 2084 499 1790 2172 1790 2082 1316 1141 1065 2352 1586 1471 1170 1506 1527 2210 1531 1623 1878 2007 1193 1256 1584 1914 1469 1694 1482 1397 1520 765 1837 1208 1397 1276 2059 2086 1172 1708 1855 1931 1011 2225 1147 1432 2535 1600 1160 532 503 2101 2523 2258 2311 2005 2400 1859 1408 1473 2453 2617 1363 1882 804 1967 1403 1737 1474 1431 1853 387 743 1132 1164 794 2446 1083 1757 2130 1460 2404 1258 2127 1286 497 1496 1461 883 1471 1215 1384 1852 2040 1264 1824 1748 1375 1462 1331 2024 2059 1474 1820 1700 1608 1506 702 1352 1108 2086 1028 1040 2258 1576 1895 2381 1723 2207 2251 1154 2013 1748 2345 1615 1685 1765 1415 1382 1489 1391 1224 495 1605 1117 1719 1795 1447 2288 1451 1597 1490 2545 1559 1419 1526 1903 563 1641 1768 1783 1063 2554 1728 1454 1046 2012 765 2437 2294 1238 1206 390 1746 1175 1573 1363 1628 1654 1680 1901 1546 1732 858 1316 1669 1440 1546 1414 1708 1420 1825 1492 1320 1461 1634 1278 1624 1720 1451 1686 1174 2461 1131 1491 2035 1602 1345 1479 2038 926 1071 1473 1001 2083 2351 1468 1417 1849 2016 2227 1352 1326 805 1516 1226 1471 1991 2140 1349 2376 2333 1075 1699 1709 2025 2500 516 753 1734 1546 1485 1483 1232 998 1269 1397 1266 1774 836 2401 1873 1419 2335 1132 2088 1041 2143 2570 1460 2067 1935 1381 1420 1429 2444 955 1576 2274 1987 1367 1968 1790 972 1416 1488 1877 1823 658 1553 1778 1569 2282 1895 1937 1097 779 2300 1475
661 1759 360 731 1163 852 607 717 917 1064 490 694 588 1388 1524 992 822 1540 620 896 1729 1375 1119 1698 1423 1404 914 1912 851 1030 1374 1129 1146 676 1140 1102 983 702 1013 1334 931 659 1269 414 603 731 1623 1526 779 411 760 808 1413 1176 952 733 785 1743 909 596 820 809 856 591 1120 1539 1003 608 640 1005 699 706 785 713 1538 1107 1046 724 1878 1686 893 953 411 565 888 1426 990 1043 744 1561 683 1181 1638 1621 1245 1157 1059 912 1403 1012 1515 1297 794 1392 1250 771 641 1341 968 845 575 650 691 702 1783 1437 986 1122 1325 1081 1098 1651 753 723 1016 975 952 845 1723 714 679 1280 724 1034 1428 1175 662 866 1056 380 1003 1373 813 857 1588 673 998 1396 554 739 1499 1111 1416 1284 1096 1138 1267 563 1053 1280 925 915 980 1532 676 512 975 1054 608 747 921 964 1220 1457 1261 1658 1276 1061 713 1322 730 909 987 715 662 1146 594 785 645 517 1605 625 713 859 1252 1554 1425 752 1083 613 1597 1560 1167 1448 1432 1734 850 1599 724 839 495 492 1402 1311 1571 554 1653 1056 1263 763 626 1292 665 1190 1233 769 921 800 1313 939 563 630 1013 1526 1040 1089 1788 724 1138 841 809 705 890 1642 1210 706 1314 822 1010 1011 800 477 674 1004 766 827 1537 749 985 897 637 830 1279 1139 1644 1121 449 719 1384 1227 1607 1698 546 1416 634 712 1454 1654 852 813 1321 439 1285 1045 660 798 936 1561 1176 1482 1364 1203 728 692 601 1052 1426 753 1183 1493 644 1119 1323 776 1274 498 1171 989 727 817 896 1468 756 636 860 1663 732 1344 1037 1345 1162 1851
309 1467 731 360 843 482 495 377 1271 1092 764 541 506 1333 1176 828 1146 1227 953 767 1383 1266 823 1523 1304 1053 720 1545 1098 665 1215 1440 1318 453 922 944 1054 389 1011 968 1299 434 983 759 710 984 1328 1242 1090 779 977 652 1041 819 1281 880 434 1372 591 617 1180 509 620 943 1391 1466 936 490 808 671 597 385 430 417 1332 927 679 537 1507 1449 990 669 694 755 1184 1295 1126 904 400 1555 497 1092 1326 1340 1153 1419 1415 1255 1214 1369 1252 947 446 1425 1512 502 775 1100 925 475 632 514 608 1013 1493 1111 734 754 1040 1342 756 1343 1037 381 1311 609 1037 697 1408 389 461 954 367 668 1427 1380 952 581 885 713 641 1406 508 931 1373 450 845 1508 537 418 1265 750 1045 1545 857 961 1251 533 924 1332 737 1100 1347 1160 1046 818 1342 778 844 679 564 602 1278 1456 891 1351 972 719 951 1479 392 1192 647 506 446 1482 498 415 446 834 1291 533 672 741 887 1561 1139 381 784 965 1395 1505 1511 1079 1062 1446 1075 1228 484 474 607 599 1105 1105 1233 837 1476 687 980 392 464 943 907 843 1014 434 879 849 1014 574 537 613 1067 1217 682 1360 1417 387 1055 593 727 388 950 1277 847 391 1169 976 1244 1074 806 777 1044 1363 580 505 1343 439 625 560 895 1199 920 1281 1513 774 727 618 1208 1399 1311 1349 833 1472 547 379 1086 1516 599 803 954 707 996 1415 766 427 1272 1190 1460 1113 1247 1568 373 977 837 694 1075 398 1551 1128 470 1468 1545 695 1499 702 855 637 385 1110 789 1198 877 927 987 1507 1053 1143 731 1049 1508 1491
792 985 1163 843 360 778 924 861 1721 1533 1133 832 975 1135 735 706 1460 744 1414 762 931 1010 439 1763 1024 1006 679 1307 1330 597 898 1914 1794 855 625 738 1106 861 993 854 1679 910 1147 1169 1007 1465 846 1348 1562 1201 1460 759 806 516 1748 1093 846 1082 896 948 1623 909 1007 1321 1602 1220 874 964 1291 881 1068 859 773 895 931 1255 606 801 1230 1610 1461 574 1115 1236 1458 1000 1600 758 809 1948 974 919 843 864 1517 1902 1756 1714 1475 1816 1397 943 848 1848 1996 753 1258 686 1352 778 1115 872 859 1333 1012 633 576 596 576 1825 467 1378 1515 837 1789 639 1503 751 926 872 849 476 847 609 1283 1508 1427 656 1233 1150 781 1309 715 1400 1575 860 1219 1496 994 880 836 800 785 1724 570 712 1658 968 1298 1769 1116 1581 1721 909 1449 1185 1772 1038 1150 1141 803 778 1244 1306 759 867 1101 494 1218 1530 825 1672 858 971 874 1946 945 794 907 1296 808 1017 1142 1165 596 1963 1260 829 452 1416 991 1866 1822 902 868 965 1291 973 948 737 1028 1046 1213 1363 1192 1181 1095 737 1151 815 928 945 1192 901 1276 866 889 985 1140 655 1007 1095 1095 1271 559 1842 1099 866 1439 984 826 857 1414 894 560 851 885 1457 1727 1110 929 1240 1450 1715 768 706 955 890 605 858 1374 1591 882 1751 1804 473 1119 1084 1486 1875 829 906 1181 1395 891 859 902 1177 675 911 836 1166 531 1837 1248 793 1735 920 1682 800 1579 2000 837 1453 1317 805 1021 806 1924 764 953 1790 1670 832 1636 1175 377 821 863 1390 1208 736 1068 1248 1132 1771 1377 1402 487 573 1824 1311
431 1402 852 482 778 360 617 494 1383 1117 886 634 624 1369 1080 853 1267 1154 1063 814 1287 1286 778 1463 1319 933 747 1422 1210 566 1218 1537 1378 565 914 961 1135 512 1077 845 1421 552 892 881 823 1077 1264 1146 1193 901 1061 709 922 722 1385 985 436 1252 514 730 1294 491 598 1066 1504 1493 987 605 895 569 654 507 460 504 1312 887 574 618 1386 1368 1043 652 817 853 1303 1306 1182 932 486 1553 571 1127 1252 1283 1134 1503 1537 1363 1156 1482 1163 828 433 1439 1595 557 858 1070 939 368 727 623 701 1133 1429 1033 727 645 989 1427 679 1237 1135 495 1406 509 1084 748 1332 498 570 880 490 564 1478 1482 1054 586 852 833 521 1467 531 981 1300 564 825 1588 657 481 1233 629 927 1655 844 969 1255 656 905 1355 716 1171 1469 1040 1168 941 1458 704 962 723 451 481 1349 1506 769 1280 873 645 1066 1570 495 1286 541 560 565 1588 621 436 568 945 1217 626 727 750 779 1564 1043 461 739 1079 1374 1488 1633 957 940 1383 1185 1107 536 427 730 719 1006 1043 1116 958 1464 565 891 453 586 825 1023 727 951 456 942 938 916 484 652 694 1145 1112 592 1447 1298 487 1044 572 796 510 995 1167 743 512 1179 1046 1323 1153 889 889 1166 1486 645 511 1327 482 537 473 993 1321 799 1333 1469 690 849 667 1155 1458 1246 1251 954 1539 657 500 963 1518 621 882 831 821 944 1532 844 418 1378 1070 1575 997 1215 1683 489 1077 935 575 955 475 1673 1018 576 1590 1648 769 1604 809 793 524 485 1228 795 1150 979 1047 1084 1454 1174 1082 688 992 1630 1368
427 1535 607 495 924 617 360 486 1160 1104 628 489 432 1293 1279 820 1011 1306 849 738 1484 1246 888 1613 1288 1188 721 1678 970 783 1216 1351 1283 429 945 938 965 465 944 1102 1167 443 1103 628 588 911 1397 1363 998 652 916 625 1171 929 1183 764 563 1501 714 498 1066 619 710 810 1262 1435 890 440 752 801 617 470 539 503 1356 1010 800 508 1638 1558 973 722 565 685 1051 1284 1099 887 499 1588 531 1060 1405 1401 1210 1351 1280 1150 1305 1257 1367 1081 575 1442 1445 532 727 1138 957 609 581 434 533 878 1560 1198 769 875 1102 1273 853 1471 954 482 1228 729 1026 671 1489 489 435 1040 487 788 1369 1263 864 631 963 591 776 1336 569 919 1474 426 915 1415 433 527 1301 885 1173 1418 889 964 1283 404 988 1341 815 1055 1215 1291 917 683 1222 892 712 699 699 737 1198 1398 1024 1427 1097 816 822 1374 485 1113 778 561 415 1382 387 544 415 732 1371 517 679 790 1005 1590 1260 516 851 854 1417 1555 1376 1213 1195 1512 950 1358 553 594 475 482 1229 1201 1366 702 1488 822 1099 524 410 1078 776 977 1112 555 820 756 1138 692 457 593 983 1345 793 1287 1544 499 1106 686 672 467 945 1394 963 465 1162 938 1184 988 724 676 916 1229 561 581 1361 544 738 689 816 1069 1055 1256 1588 875 592 643 1295 1365 1380 1453 698 1396 449 478 1219 1511 627 726 1088 601 1059 1293 727 560 1170 1319 1330 1237 1315 1450 488 892 761 829 1210 508 1420 1245 469 1333 1426 635 1379 615 934 771 500 976 837 1252 767 792 880 1590 918 1237 801 1117 1373 1626
309 1485 717 377 861 494 486 360 1255 1077 754 546 491 1343 1193 841 1138 1244 936 778 1400 1278 841 1518 1317 1061 733 1557 1093 682 1229 1422 1301 453 938 957 1057 383 1018 979 1286 418 984 746 707 967 1346 1243 1073 766 959 661 1055 836 1264 878 437 1386 592 614 1164 505 613 932 1386 1478 945 474 790 676 581 378 448 403 1348 920 695 545 1520 1447 973 686 682 738 1178 1308 1109 916 416 1542 480 1103 1344 1357 1142 1402 1404 1238 1209 1353 1252 955 449 1411 1495 515 757 1116 912 487 614 514 612 1004 1510 1129 749 770 1058 1324 774 1347 1020 390 1293 625 1021 708 1426 373 463 972 374 684 1436 1379 935 597 877 699 651 1413 524 914 1369 449 836 1511 523 410 1281 760 1059 1541 873 975 1238 522 914 1317 729 1082 1335 1174 1033 809 1326 777 838 664 572 611 1284 1465 904 1369 975 737 946 1481 405 1175 652 491 442 1465 487 431 434 818 1309 516 656 729 903 1548 1140 395 801 949 1411 1494 1502 1091 1075 1463 1072 1241 471 491 596 585 1107 1100 1240 828 1491 699 981 408 451 951 901 851 1009 432 886 851 1016 591 521 596 1072 1221 699 1342 1431 376 1043 586 734 384 934 1293 863 392 1183 959 1226 1078 810 761 1031 1352 590 522 1358 432 642 564 878 1186 930 1264 1505 791 716 603 1202 1382 1328 1366 824 1478 546 369 1098 1530 613 808 965 691 1013 1400 748 442 1255 1204 1455 1128 1238 1552 386 959 820 703 1083 415 1539 1144 453 1458 1543 701 1498 685 873 645 376 1103 777 1215 877 919 988 1500 1045 1138 748 1067 1498 1501
1201 2311 917 1271 1721 1383 1160 1255 360 1159 970 1251 1124 1823 2080 1524 892 2096 679 1425 2285 1848 1676 1915 1900 1880 1460 2413 1079 1576 1878 646 971 1230 1680 1623 1377 1245 1458 1841 684 1196 1673 917 1114 737 2176 1902 591 881 794 1355 1940 1727 487 1150 1308 2267 1393 1143 462 1303 1299 817 1180 1975 1491 1140 897 1488 1137 1248 1333 1238 2059 1429 1590 1281 2393 1987 989 1511 966 904 991 1910 961 1561 1292 1562 1180 1659 2195 2171 1433 787 847 421 1677 459 1866 1777 1315 1370 850 1328 935 1883 1196 1377 1024 1208 1239 909 2334 1995 1540 1665 1879 745 1654 2049 665 1267 623 1520 1025 1386 2279 1248 1235 1837 1264 1579 1810 1348 710 1424 1383 931 1515 1730 1369 1011 1871 1227 1326 1658 1097 1262 2033 1616 1948 1320 1643 1664 1349 1116 1339 1260 1308 853 717 2055 687 931 490 1479 1016 1126 1435 1480 1574 1838 1782 2213 1700 1617 1039 1536 1276 632 1478 1204 1214 603 1143 1326 1189 797 2162 1120 1097 1213 1798 1537 1814 1290 1641 666 2115 1632 980 1959 1949 2285 1113 2119 1221 1384 1053 1039 1805 1621 2021 956 2155 1576 1665 1303 1169 1771 1022 1671 1569 1289 1409 1264 1728 1485 1093 1071 1413 1935 1591 724 2318 1257 1346 1297 1335 1248 1039 2188 1758 1251 1814 892 778 1404 1289 853 678 796 1321 1382 2052 1265 1534 1396 777 648 1773 1024 1808 1675 971 1142 1645 1020 2160 2254 952 1742 1191 1251 1967 2131 1409 1307 1831 924 1840 566 962 1336 450 2087 1183 2020 1556 670 1271 699 830 1556 1901 1299 818 2039 1166 926 1431 1308 1385 934 1729 1491 1260 976 1222 2016 1184 945 1238 1859 887 1641 1595 1900 963 2333
1026 2150 1064 1092 1533 1117 1104 1077 1159 360 1194 1230 1032 2036 1781 1554 1459 1896 976 1480 1978 1988 1535 1117 2028 1328 1448 1852 1544 1303 1946 1107 716 1140 1654 1672 1674 1090 1678 1366 1414 1054 1039 1117 1274 815 2013 1196 941 1092 752 1364 1507 1447 1067 1432 1059 1781 1004 1215 1142 986 886 1233 1784 2179 1633 1025 786 1053 857 1088 1155 1034 2062 756 1301 1243 1871 1214 548 1396 1092 859 1548 2022 573 1626 1132 857 958 1804 1991 2037 640 963 1585 1103 907 1239 1138 1250 1054 698 1029 1231 783 1825 544 1118 895 1177 1276 1372 2177 1770 1465 1350 1747 914 1430 1355 874 1107 983 1254 497 1411 2066 1063 1152 1627 1091 1295 2104 1871 889 1312 736 1053 1139 2061 1240 567 1094 1134 712 2100 1044 1038 1989 1189 1530 1948 1588 1691 568 1086 660 599 790 669 1462 1593 1217 1212 1288 937 1312 773 1094 1128 1913 2134 1357 2022 1088 1399 1415 2025 1122 901 1066 946 1117 1222 1077 1123 1075 959 1956 947 786 728 1469 852 1133 1095 1497 1028 2125 867 1718 1475 1482 2133 1549 1640 968 1170 1096 1045 1144 885 1400 1256 2208 1202 1028 1108 1063 1243 1368 1172 871 1041 1561 1474 1097 1238 1012 871 1700 1265 1337 948 1847 1064 578 909 1416 1093 533 1806 1449 1102 1898 647 804 1700 1455 960 1207 1525 1294 1233 2074 1021 1288 1038 848 1324 1280 640 1010 1435 1149 834 870 772 1996 1936 1248 2111 1192 1083 1484 2246 1330 1461 1364 986 1701 1366 766 1117 1089 1630 1823 1617 759 1438 1103 876 846 1145 1343 1129 1611 1672 1008 1662 2009 1379 1960 930 1549 1099 1067 1488 686 1907 1451 1328 1560 1059 1387 892 1444 1747 1705 1739
696 1703 490 764 1133 886 628 754 970 1194 360 665 644 1271 1505 913 743 1497 712 815 1705 1267 1079 1812 1317 1456 851 1945 733 1037 1279 1210 1269 686 1069 1015 856 734 895 1371 911 703 1352 441 504 848 1569 1612 873 477 883 747 1433 1171 1028 604 830 1762 973 545 869 874 942 550 1015 1423 898 666 770 1065 799 739 801 764 1453 1214 1056 695 1902 1787 1023 919 467 695 791 1322 1118 953 764 1691 758 1074 1594 1561 1368 1259 1013 978 1512 1058 1607 1350 841 1522 1350 757 770 1272 1092 878 687 639 636 611 1725 1403 937 1131 1274 1185 1084 1728 859 750 1108 987 1082 776 1678 756 684 1249 756 1044 1302 1053 772 842 1163 501 1045 1245 803 987 1694 685 1108 1266 609 790 1423 1154 1432 1176 1034 1055 1396 593 1168 1410 1025 1039 956 1553 675 415 1003 1137 479 859 967 1006 1091 1332 1290 1610 1353 1048 589 1194 752 1010 1044 792 681 1210 629 811 681 632 1561 710 826 970 1255 1684 1510 785 1047 689 1510 1688 1107 1479 1460 1676 727 1622 794 857 523 558 1482 1416 1633 437 1558 1090 1347 793 667 1346 540 1245 1334 819 815 682 1392 950 632 737 887 1602 1040 1189 1802 766 1260 923 724 736 1020 1638 1210 734 1217 951 1123 884 692 604 677 964 725 822 1448 805 989 954 759 818 1324 1266 1764 1109 408 822 1496 1349 1554 1678 432 1286 611 747 1485 1550 818 707 1356 567 1236 1064 788 828 1005 1580 1076 1491 1485 1230 757 802 729 1098 1478 774 1161 1492 706 1064 1205 697 1157 625 1139 1039 768 717 1010 1407 629 530 730 1780 650 1450 1006 1297 1104 1895
480 1425 694 541 832 634 489 546 1251 1230 665 360 560 1170 1201 691 1024 1205 951 610 1402 1118 784 1704 1160 1199 594 1659 943 740 1087 1459 1411 456 820 809 872 524 833 1094 1216 541 1160 696 561 1031 1288 1417 1107 729 1040 496 1140 866 1286 712 614 1466 769 480 1152 691 799 855 1236 1310 767 565 879 842 737 528 533 584 1229 1106 761 390 1608 1630 1102 619 644 809 1045 1155 1228 758 514 1709 641 934 1304 1288 1321 1470 1310 1247 1395 1344 1431 1097 625 1568 1564 456 855 1016 1077 626 710 415 427 890 1450 1104 653 834 991 1392 778 1512 1069 520 1341 695 1155 542 1388 557 444 949 536 749 1254 1208 978 537 1062 683 791 1228 502 1048 1554 461 1019 1326 559 597 1178 894 1136 1384 768 835 1404 520 1095 1468 913 1182 1261 1260 978 719 1300 959 708 821 725 753 1097 1283 1005 1323 1145 743 803 1300 511 1228 815 664 476 1481 516 560 516 838 1270 642 803 903 953 1713 1314 555 750 948 1290 1671 1392 1196 1173 1401 915 1329 649 582 562 593 1279 1286 1386 722 1359 820 1158 553 526 1094 764 999 1195 616 703 668 1188 659 586 720 886 1386 738 1405 1502 563 1220 772 551 522 1073 1333 907 514 1033 1066 1307 892 624 785 979 1263 435 524 1233 618 691 735 935 1124 1061 1385 1690 803 646 762 1388 1493 1272 1374 721 1292 420 536 1201 1382 518 621 1078 711 951 1365 856 578 1270 1285 1309 1190 1421 1528 528 1006 882 846 1221 524 1466 1187 583 1354 1374 517 1330 735 839 798 562 972 951 1137 704 802 811 1686 933 1324 705 1010 1391 1619
436 1592 588 506 975 624 432 491 1124 1032 644 560 360 1364 1319 891 1026 1358 807 810 1525 1318 944 1557 1360 1179 791 1684 1006 812 1287 1300 1214 485 1012 1009 1028 480 1013 1106 1159 432 1068 622 639 852 1453 1328 948 638 852 696 1186 963 1137 815 556 1516 689 556 1033 589 663 810 1295 1507 961 381 686 783 550 483 569 485 1424 953 826 578 1650 1512 901 781 558 623 1076 1356 1029 959 529 1517 477 1132 1458 1460 1144 1291 1283 1109 1251 1222 1327 1072 566 1370 1385 591 659 1203 887 618 511 506 604 896 1617 1247 833 901 1160 1213 896 1443 900 503 1174 755 955 743 1541 486 494 1089 499 814 1438 1310 812 689 905 569 775 1403 621 847 1425 479 855 1475 396 511 1367 883 1191 1454 954 1034 1212 423 926 1269 759 988 1208 1304 905 695 1195 854 744 630 693 736 1263 1468 1033 1481 1068 858 858 1429 513 1057 763 511 462 1338 404 562 427 688 1423 448 608 725 1033 1518 1226 527 906 819 1486 1487 1385 1219 1204 1569 991 1371 510 619 481 456 1198 1149 1351 722 1558 827 1064 539 406 1068 810 965 1063 541 890 820 1107 720 392 521 1048 1317 827 1229 1562 496 1040 641 744 483 873 1424 993 487 1234 869 1121 1051 791 632 902 1229 631 628 1430 523 770 672 759 1058 1052 1186 1527 915 601 575 1239 1296 1437 1492 717 1461 520 487 1226 1583 690 794 1092 560 1117 1268 657 573 1127 1335 1359 1259 1251 1421 506 838 702 824 1201 535 1411 1274 421 1339 1469 707 1422 560 985 762 499 1001 772 1313 822 814 936 1532 933 1185 855 1173 1380 1624
1275 1221 1388 1333 1135 1369 1293 1343 1823 2036 1271 1170 1364 360 1367 876 1333 1193 1620 925 1467 509 1065 2470 536 1778 982 2039 1131 1304 650 2094 2174 1264 871 778 805 1325 736 1629 1611 1350 1872 1351 1146 1759 1155 2101 1778 1389 1788 1042 1574 1289 1909 1042 1391 1801 1524 1186 1724 1475 1590 1371 1245 513 763 1373 1651 1559 1547 1328 1288 1386 816 1893 1325 1162 1944 2351 1894 1094 1344 1574 1262 569 2009 797 1294 2520 1451 602 1239 1102 2126 2166 1587 1848 2164 1887 2139 1706 1401 2375 2255 1192 1637 888 1888 1363 1504 1221 1120 1275 1228 1208 1020 1351 1025 2093 1208 2148 1771 1313 2008 1310 1951 995 1295 1356 1252 1165 1331 1320 528 1052 1684 1143 1855 1391 1470 602 1202 1845 2298 1270 1818 842 1353 1392 890 1532 1549 1279 936 788 2215 1310 1898 2272 1710 1943 1628 1664 1496 1287 1803 1710 1183 1631 1446 1446 670 542 1532 1224 1837 1208 1143 951 1300 1918 1531 1472 1286 2064 1320 1323 1326 1542 1227 1450 1612 1711 1370 2523 2006 1338 1083 1590 830 2478 1578 1674 1639 1191 1089 1721 1454 1302 1310 1360 1961 2051 1967 1249 791 1455 1874 1329 1336 1707 1163 1645 1959 1401 836 949 1879 1296 1385 1525 769 2035 1270 2095 1797 1359 2027 1563 980 1322 1874 1563 1335 1313 624 1841 2035 780 951 1506 1504 1577 1113 1219 779 1412 1277 1482 1666 1570 1648 2163 2478 1230 1300 1572 2165 2256 1152 1472 1255 685 1204 1335 1673 702 1109 941 1610 1448 1037 1833 1645 1337 1881 1667 1318 1543 2218 1999 1320 1714 1628 1514 1795 1301 1786 1480 1394 1576 1159 1017 1150 1495 1120 1500 1357 1238 1759 1002 1010 1239 944 2463 1304 2091 1109 1064 1590 2066
1125 794 1524 1176 735 1080 1279 1193 2080 1781 1505 1201 1319 1367 360 1058 1835 577 1766 1129 567 1221 803 1826 1213 981 1051 1040 1701 874 1082 2255 2082 1209 927 1049 1451 1199 1330 847 2054 1249 1238 1535 1382 1797 697 1356 1906 1565 1782 1135 707 718 2096 1466 1156 802 1145 1319 1985 1196 1267 1694 1965 1404 1212 1305 1615 1088 1371 1197 1109 1218 1000 1437 866 1170 939 1624 1746 948 1478 1570 1831 1181 1886 1089 1150 2130 1291 1203 623 754 1698 2223 2132 2068 1580 2176 1426 980 1153 2064 2315 1114 1578 838 1597 1083 1444 1236 1232 1708 819 518 949 801 706 2147 786 1326 1853 1175 2125 931 1780 1125 671 1202 1205 626 1182 876 1532 1854 1768 1023 1431 1509 1005 1582 1071 1684 1626 1213 1436 1796 1343 1198 889 956 674 2078 905 1009 1866 1323 1506 2003 1351 1886 2096 727 1819 1558 2138 1219 1526 1431 1064 1023 1550 1549 805 661 1180 823 1592 1853 1165 2006 1076 1279 1225 2297 1297 1121 1252 1647 598 1344 1441 1424 673 2152 1295 1158 826 1773 1039 2022 2196 804 772 791 1660 760 1257 1062 1389 1400 1248 1480 1115 1555 1155 940 1246 1144 1273 986 1567 1004 1409 1177 1244 1354 1206 962 1351 1414 1435 1252 853 2168 791 1194 1642 1250 1200 1196 1692 556 699 1192 1103 1762 2042 1451 1299 1590 1820 2091 1141 1057 1039 1202 910 1118 1710 1963 923 2029 1905 764 1487 1381 1602 2159 684 534 1555 1670 1258 1194 798 1279 1047 1280 837 1517 709 2205 1564 1114 2086 712 2046 608 1729 2367 1173 1792 1652 996 985 1144 2300 523 1285 2165 2011 1207 1981 1517 733 1044 1191 1765 1458 748 1440 1623 1495 1852 1752 1514 860 667 2199 1092
772 1160 992 828 706 853 820 841 1524 1554 913 691 891 876 1058 360 1168 983 1252 458 1231 798 627 1954 835 1300 468 1653 1011 804 755 1759 1741 774 520 478 759 825 648 1160 1416 859 1361 975 769 1352 1033 1598 1412 1014 1366 555 1142 834 1579 789 880 1428 1008 757 1422 964 1079 1080 1267 1001 530 894 1209 1044 1057 828 776 884 906 1379 827 673 1577 1841 1432 584 941 1137 1147 828 1560 438 788 2023 956 633 1073 1017 1618 1788 1465 1531 1648 1610 1630 1216 889 1890 1881 685 1186 720 1393 848 1041 746 665 1053 1181 919 517 869 751 1711 737 1658 1383 810 1649 801 1485 510 1156 854 762 795 827 820 994 1162 1292 627 1342 986 958 998 689 1378 1784 780 1308 1162 890 886 869 1029 1125 1381 513 506 1719 849 1389 1793 1199 1512 1451 1251 1216 954 1548 1194 885 1141 929 932 909 1021 1061 1082 1329 724 922 1186 796 1541 1016 972 797 1764 847 811 839 1147 1044 969 1128 1210 928 2029 1500 830 622 1237 965 1972 1514 1229 1197 1132 969 1317 952 786 877 917 1457 1535 1493 934 1029 950 1362 820 853 1216 908 1144 1443 892 546 667 1372 783 918 1049 748 1540 775 1720 1446 855 1522 1052 549 822 1402 1234 884 813 704 1397 1631 763 618 1099 1220 1431 621 704 906 906 770 966 1256 1340 1163 1716 1963 764 919 1080 1649 1824 1019 1215 937 1078 742 833 1231 1052 594 598 1141 1028 725 1602 1188 824 1558 1264 1348 1147 1706 1771 815 1321 1206 1005 1318 793 1647 1110 906 1489 1323 577 1290 1061 700 986 853 1087 1258 862 759 977 798 1947 1095 1574 625 783 1519 1649
1079 1963 822 1146 1460 1267 1011 1138 892 1459 743 1024 1026 1333 1835 1168 360 1790 848 1078 2025 1387 1394 2148 1440 1839 1147 2321 562 1404 1448 1178 1415 1064 1327 1236 895 1117 1003 1750 637 1087 1729 773 824 1021 1839 1987 952 774 1079 1061 1804 1525 1005 738 1214 2130 1356 906 810 1256 1316 596 687 1481 1073 1048 1045 1449 1162 1122 1178 1148 1645 1566 1425 1052 2272 2147 1271 1251 833 990 460 1456 1321 1175 1144 1939 1137 1214 1881 1819 1680 1301 658 936 1860 934 1977 1733 1225 1754 1376 1120 1064 1518 1403 1260 1036 1011 974 494 1982 1714 1247 1498 1558 1243 1430 2108 987 1132 1132 1358 1327 1070 1964 1139 1061 1571 1139 1413 1296 820 938 1190 1515 842 1428 1210 1167 1256 2048 1064 1456 1126 990 1173 1646 1537 1800 849 1315 1282 1667 977 1506 1638 1387 1219 658 1924 614 691 841 1514 675 1205 1350 1388 1057 1322 1666 1890 1733 1398 606 1005 1132 1082 1427 1170 1062 1118 1013 1192 1064 865 1852 1083 1171 1318 1614 1924 1886 1168 1369 797 1693 1966 728 1856 1835 1934 604 1993 1175 1234 906 935 1861 1772 2016 669 1711 1470 1724 1174 1051 1730 628 1628 1694 1203 1003 861 1771 1321 1011 1092 931 1983 1401 1232 2165 1149 1575 1300 998 1118 1291 1986 1568 1116 1382 1177 1231 917 909 881 626 625 1066 1188 1629 1188 1355 1337 970 609 1707 1441 2081 1458 785 1181 1838 1484 1826 2003 673 1214 979 1130 1862 1663 1157 929 1735 894 1528 861 1090 1209 971 1949 725 1853 1803 1026 1138 959 976 1481 1861 1154 842 1844 1087 691 927 988 878 948 1462 1423 1151 454 1351 1665 769 582 769 2108 453 1803 1337 1588 728 2275
1176 615 1540 1227 744 1154 1306 1244 2096 1896 1497 1205 1358 1193 577 983 1790 360 1794 1071 636 1043 780 2015 1027 1179 1010 1247 1634 954 902 2297 2173 1237 829 940 1349 1245 1222 1035 2029 1294 1412 1540 1361 1849 490 1554 1944 1575 1844 1109 908 809 2128 1412 1225 1011 1252 1315 1997 1281 1370 1679 1877 1211 1112 1348 1675 1213 1447 1243 1156 1277 791 1581 955 1175 1141 1824 1837 946 1490 1620 1770 994 1977 992 1193 2280 1356 1063 459 540 1846 2286 2088 2092 1755 2189 1620 1162 1225 2197 2379 1133 1641 678 1713 1155 1498 1250 1221 1671 642 487 919 908 592 2209 835 1535 1898 1221 2173 1007 1877 1087 543 1255 1231 633 1231 962 1360 1744 1810 1035 1568 1527 1119 1420 1097 1775 1817 1242 1564 1646 1377 1262 683 1097 875 1975 834 894 2002 1349 1639 2126 1469 1963 2068 943 1811 1546 2140 1360 1495 1517 1162 1128 1411 1374 974 486 1356 870 1543 1719 1209 2056 1196 1351 1257 2325 1328 1176 1291 1678 425 1400 1521 1530 809 2299 1486 1212 816 1793 826 2182 2138 1011 977 602 1591 978 1327 1119 1405 1427 1438 1649 1326 1535 941 1061 1419 1198 1311 1167 1526 1167 1572 1246 1161 1291 1387 1030 1391 1478 1327 1455 923 2226 990 1249 1779 1349 1154 1241 1788 758 815 1235 936 1838 2111 1344 1240 1622 1814 2052 1135 1090 832 1270 977 1218 1758 1947 1101 2126 2084 824 1488 1462 1773 2252 473 639 1536 1509 1265 1243 1005 1069 1047 1220 1022 1547 622 2201 1631 1174 2114 928 1958 820 1889 2367 1221 1836 1700 1125 1186 1190 2267 736 1337 2112 1893 1171 1868 1558 732 1161 1246 1710 1569 551 1382 1591 1417 2036 1714 1686 864 561 2142 1307
883 2017 620 953 1414 1063 849 936 679 976 712 951 807 1620 1766 1252 848 1794 360 1154 1972 1620 1374 1699 1670 1568 1174 2097 969 1259 1629 868 945 919 1400 1360 1192 928 1244 1523 815 879 1379 638 851 533 1880 1620 521 599 590 1068 1620 1411 694 941 989 1948 1077 856 598 984 988 645 1176 1773 1250 822 603 1172 823 930 1016 918 1797 1157 1272 980 2075 1734 788 1208 671 590 943 1675 833 1299 976 1450 861 1426 1893 1880 1218 907 979 662 1431 779 1592 1463 995 1265 997 1021 637 1601 951 1058 705 904 951 784 2042 1687 1245 1346 1583 833 1341 1761 514 951 758 1202 842 1105 1977 929 924 1530 946 1261 1640 1288 449 1118 1108 629 1196 1575 1059 783 1625 915 1048 1557 782 942 1759 1298 1628 1337 1356 1397 1184 805 1078 1149 1012 733 866 1735 601 693 768 1176 800 823 1115 1161 1417 1669 1463 1914 1400 1304 870 1459 960 658 1161 885 901 892 829 1008 874 478 1859 800 791 922 1480 1435 1526 972 1338 412 1855 1483 1108 1641 1630 1993 986 1800 902 1067 749 727 1512 1359 1716 733 1908 1256 1371 985 853 1458 833 1357 1296 969 1167 1033 1431 1167 775 754 1225 1642 1274 837 1998 938 1118 984 1066 931 817 1870 1440 934 1567 690 780 1219 1044 535 590 919 1025 1070 1794 945 1217 1078 494 717 1457 960 1615 1362 694 831 1404 1021 1864 1940 726 1605 891 934 1648 1902 1108 1059 1512 608 1542 847 665 1018 681 1768 1210 1701 1344 985 954 471 528 1238 1589 982 1044 1720 847 1054 1412 1034 1363 614 1423 1173 941 893 940 1728 971 769 1056 1652 789 1384 1289 1601 1097 2021
710 1256 896 767 762 814 738 778 1425 1480 815 610 810 925 1129 458 1078 1071 1154 360 1311 868 687 1917 910 1308 450 1695 932 809 843 1661 1653 700 617 567 718 759 630 1176 1321 787 1339 877 670 1259 1127 1584 1315 916 1275 476 1176 869 1480 701 827 1477 968 662 1323 911 1026 982 1199 1061 532 815 1121 1017 985 763 726 820 1002 1331 832 598 1625 1818 1350 590 845 1048 1064 906 1475 510 729 1957 887 686 1164 1113 1560 1693 1376 1433 1609 1511 1611 1218 838 1818 1785 627 1100 818 1325 808 958 664 574 960 1278 998 548 886 840 1616 769 1656 1288 747 1552 793 1405 430 1247 791 689 863 765 824 1024 1112 1196 597 1291 891 939 1013 643 1297 1755 706 1253 1151 805 826 968 1022 1163 1323 596 602 1652 763 1332 1718 1145 1423 1358 1290 1117 856 1450 1158 788 1069 898 908 904 1052 1078 1174 1313 747 832 1157 735 1446 988 906 723 1665 765 760 764 1052 1134 892 1053 1146 965 1961 1484 773 671 1139 1061 1913 1431 1256 1227 1229 891 1357 888 748 784 827 1443 1497 1502 836 1120 942 1339 765 776 1217 815 1136 1405 837 500 585 1356 768 834 971 716 1535 786 1625 1500 793 1462 998 450 756 1323 1297 919 748 786 1310 1539 728 531 1004 1122 1340 548 663 1000 847 767 928 1162 1243 1169 1631 1917 797 821 1010 1607 1736 1113 1292 839 1087 654 769 1259 1134 557 511 1158 935 810 1505 1103 775 1460 1307 1279 1194 1654 1674 754 1226 1114 990 1328 736 1555 1165 832 1403 1277 480 1240 970 760 962 792 1000 1194 958 673 882 729 1906 1003 1536 657 870 1434 1682
1332 721 1729 1383 931 1287 1484 1400 2285 1978 1705 1402 1525 1467 567 1231 2025 636 1972 1311 360 1318 992 1968 1299 1123 1238 1030 1882 1081 1177 2462 2285 1414 1086 1204 1613 1406 1487 1009 2251 1455 1404 1738 1578 2004 692 1488 2113 1769 1989 1328 860 925 2303 1651 1363 813 1347 1519 2189 1401 1469 1893 2136 1478 1373 1512 1822 1285 1578 1403 1316 1426 1048 1623 1073 1371 915 1751 1950 1146 1682 1777 2015 1266 2089 1251 1356 2309 1498 1337 599 755 1880 2430 2323 2274 1742 2381 1564 1144 1360 2252 2521 1318 1785 953 1795 1290 1651 1439 1430 1901 739 672 1139 1006 849 2353 991 1434 2060 1382 2332 1139 1981 1314 584 1409 1410 816 1388 1083 1635 2012 1975 1225 1621 1714 1206 1696 1276 1888 1767 1418 1630 1922 1549 1405 947 1149 830 2240 1078 1159 2053 1528 1697 2195 1549 2091 2292 834 2020 1757 2341 1409 1720 1636 1269 1226 1686 1648 987 627 1345 1028 1780 1993 1372 2213 1275 1486 1431 2504 1502 1328 1458 1853 602 1551 1647 1625 875 2332 1441 1365 1020 1979 1071 2194 2382 939 913 733 1840 839 1463 1269 1593 1606 1395 1647 1224 1752 1181 1141 1413 1351 1479 1150 1758 1185 1583 1383 1415 1535 1366 1170 1558 1621 1593 1379 1060 2374 770 1401 1830 1453 1387 1402 1895 583 905 1398 1212 1967 2248 1610 1482 1797 2021 2284 1340 1262 1090 1409 1117 1322 1917 2162 1092 2230 2059 970 1689 1587 1767 2361 689 405 1752 1785 1460 1401 931 1316 1246 1462 1003 1723 867 2407 1770 1321 2293 805 2217 746 1902 2570 1380 1999 1859 1194 1123 1350 2495 673 1492 2353 2164 1397 2137 1724 927 1245 1398 1951 1658 824 1624 1817 1670 2000 1945 1679 1058 812 2385 1117
1210 1077 1375 1266 1010 1286 1246 1278 1848 1988 1267 1118 1318 509 1221 798 1387 1043 1620 868 1318 360 946 2376 412 1656 906 1895 1189 1197 501 2110 2152 1207 754 685 852 1262 750 1504 1663 1294 1770 1343 1132 1746 1007 1990 1781 1382 1769 983 1441 1165 1925 1058 1317 1657 1440 1155 1747 1401 1516 1391 1342 572 731 1323 1622 1465 1492 1265 1214 1322 676 1813 1217 1105 1799 2245 1857 999 1326 1547 1326 434 1979 722 1226 2461 1392 553 1090 955 2055 2167 1658 1868 2074 1920 2032 1589 1326 2325 2258 1123 1604 742 1830 1281 1464 1172 1077 1312 1086 1063 923 1235 883 2092 1092 2028 1765 1248 2015 1210 1912 936 1148 1292 1195 1029 1265 1213 677 1161 1676 1061 1778 1374 1372 745 1126 1805 2199 1213 1746 982 1311 1324 742 1425 1415 1393 824 681 2156 1269 1826 2226 1636 1921 1685 1526 1522 1292 1842 1620 1194 1576 1356 1351 782 690 1409 1075 1732 1096 1174 1082 1234 1918 1437 1410 1230 2091 1273 1248 1272 1531 1078 1400 1561 1647 1242 2466 1897 1268 968 1595 700 2410 1663 1543 1507 1047 1144 1582 1390 1220 1281 1327 1852 1960 1841 1258 687 1350 1773 1258 1284 1591 1186 1535 1869 1330 813 948 1773 1201 1341 1479 817 1918 1161 2097 1652 1293 1960 1489 939 1259 1831 1417 1210 1250 484 1812 2025 831 936 1490 1529 1642 1053 1140 642 1344 1175 1397 1651 1612 1530 2135 2394 1111 1289 1516 2077 2235 1003 1323 1263 831 1160 1271 1541 643 1032 922 1486 1427 898 1879 1609 1260 1899 1527 1418 1404 2141 2047 1253 1706 1608 1412 1671 1231 1855 1339 1339 1655 1282 975 1268 1468 994 1404 1291 1292 1696 853 1024 1263 981 2373 1345 2000 1001 920 1673 1927
771 1007 1119 823 439 778 888 841 1676 1535 1079 784 944 1065 803 627 1394 780 1374 687 992 946 360 1807 964 1072 607 1387 1258 625 843 1879 1781 821 554 662 1027 837 914 923 1620 885 1193 1120 947 1437 869 1405 1526 1154 1435 696 883 584 1709 1023 838 1161 911 895 1577 909 1015 1265 1526 1157 794 937 1267 909 1057 837 753 878 900 1280 640 754 1309 1663 1451 526 1069 1208 1387 943 1588 679 786 1965 959 844 879 877 1538 1876 1691 1672 1513 1769 1449 1003 842 1857 1969 715 1236 655 1358 777 1090 829 803 1268 1033 684 507 649 577 1798 506 1443 1482 814 1756 655 1496 683 963 853 813 537 827 640 1211 1429 1393 616 1253 1107 810 1233 683 1391 1623 826 1234 1418 960 867 815 845 863 1646 493 639 1670 930 1314 1773 1128 1563 1660 987 1394 1129 1721 1068 1087 1134 819 800 1165 1234 826 899 1151 517 1149 1451 801 1641 884 960 842 1905 911 779 878 1258 846 996 1132 1169 671 1978 1314 813 399 1373 962 1890 1753 977 943 984 1218 1052 937 727 985 1008 1267 1400 1261 1122 1059 776 1197 798 898 1005 1126 952 1311 857 811 912 1191 661 977 1077 1016 1332 587 1814 1178 848 1455 990 756 833 1408 970 632 827 823 1440 1704 1031 856 1203 1397 1651 715 679 920 880 618 870 1343 1533 944 1742 1840 525 1068 1075 1522 1862 852 969 1122 1318 845 838 977 1131 626 837 905 1129 532 1784 1229 782 1694 999 1607 880 1607 1949 815 1420 1287 842 1089 785 1862 842 930 1723 1591 765 1557 1142 433 848 845 1321 1214 735 997 1185 1056 1811 1312 1439 452 588 1756 1389
1464 2259 1698 1523 1763 1463 1613 1518 1915 1117 1812 1704 1557 2470 1826 1954 2148 2015 1699 1917 1968 2376 1807 360 2403 1206 1849 1536 2186 1543 2288 1848 1409 1610 1986 2055 2215 1540 2174 1341 2152 1534 976 1753 1837 1556 2145 841 1692 1741 1494 1808 1479 1618 1824 2013 1455 1594 1309 1751 1891 1373 1266 1912 2458 2587 2090 1540 1468 1271 1376 1536 1553 1481 2333 964 1527 1700 1610 608 1289 1738 1705 1518 2224 2385 1325 2032 1556 937 1442 2228 2086 2191 843 1682 2318 1860 669 1996 763 1213 1443 1046 1727 1653 1445 2090 1109 1469 1485 1667 1769 2039 2285 1895 1813 1527 1965 1649 1663 938 1621 1544 1733 1525 1250 1850 2137 1507 1621 1806 1527 1528 2582 2502 1619 1688 1012 1681 1364 2567 1634 1278 560 1605 1065 2668 1586 1467 2232 1323 1512 2623 1914 2055 950 1621 1004 1102 1158 1426 2202 1494 1931 1849 2043 1120 1928 1313 1384 1384 2442 2610 1404 2124 1025 1650 2041 2627 1555 1657 1299 1412 1594 1970 1594 1518 1563 1647 2057 1474 1346 1202 1580 979 890 1512 1777 1748 2391 779 2447 1389 1418 2253 2178 1502 1421 1530 1667 1621 938 780 1121 1887 2498 1391 971 1518 1562 1208 1992 1225 872 1449 2040 2007 990 1535 1556 1435 2230 954 1581 1684 1664 1501 940 1292 1889 1542 1247 1748 1590 1550 2261 1389 1549 2236 1968 1627 1921 2258 1739 1615 2359 1446 1561 1349 1565 2056 1274 1328 523 1651 1763 1352 678 1425 2129 1923 1880 2636 1696 1528 1397 2579 1724 1966 1353 1620 1926 2122 1419 1502 1847 1526 2511 1587 719 2194 1537 1612 1542 1326 1205 1547 2362 1669 1505 2393 2658 1858 2609 1564 1781 1331 1502 2156 1163 2110 2019 1975 2133 434 2065 741 1738 1947 2436 1396
1248 1044 1423 1304 1024 1319 1288 1317 1900 2028 1317 1160 1360 536 1213 835 1440 1027 1670 910 1299 412 964 2403 360 1669 943 1891 1242 1221 492 2161 2199 1247 777 720 905 1301 803 1517 1716 1334 1794 1393 1180 1794 981 2009 1831 1431 1816 1024 1447 1180 1976 1110 1353 1652 1471 1202 1799 1436 1551 1442 1391 557 779 1365 1667 1493 1532 1303 1249 1360 639 1846 1239 1145 1792 2267 1901 1029 1374 1592 1379 393 2024 762 1263 2499 1432 603 1067 927 2090 2216 1710 1920 2102 1972 2053 1606 1361 2365 2307 1161 1649 738 1869 1314 1508 1214 1121 1365 1051 1056 953 1253 882 2141 1111 2043 1814 1286 2065 1237 1955 977 1121 1330 1236 1034 1303 1236 701 1209 1724 1094 1811 1422 1398 778 1162 1848 2223 1254 1780 1018 1355 1361 716 1447 1420 1440 848 710 2195 1313 1861 2267 1671 1967 1738 1529 1574 1342 1894 1649 1245 1616 1386 1379 828 711 1423 1050 1754 1117 1226 1122 1272 1967 1465 1448 1271 2143 1316 1284 1313 1580 1057 1441 1602 1685 1253 2505 1918 1304 989 1645 657 2445 1714 1550 1514 1014 1197 1582 1428 1253 1327 1373 1872 1988 1853 1309 636 1374 1797 1294 1326 1608 1238 1556 1897 1366 862 999 1794 1229 1385 1521 869 1935 1184 2147 1644 1331 1996 1524 984 1298 1873 1409 1223 1289 501 1858 2073 883 985 1538 1581 1694 1094 1174 602 1380 1201 1429 1698 1664 1546 2180 2424 1129 1338 1556 2107 2281 979 1306 1314 862 1204 1309 1548 592 1067 971 1499 1474 901 1931 1653 1295 1950 1528 1467 1405 2174 2100 1291 1754 1655 1437 1684 1268 1908 1337 1380 1706 1325 1020 1313 1514 1008 1432 1329 1345 1733 836 1076 1315 1034 2401 1398 2028 1025 918 1724 1927
1000 1415 1404 1053 1006 933 1188 1061 1880 1328 1456 1199 1179 1778 981 1300 1839 1179 1568 1308 1123 1656 1072 1206 1669 360 1220 899 1781 859 1541 1970 1675 1138 1266 1368 1663 1082 1577 513 1974 1113 664 1441 1395 1522 1308 735 1662 1455 1483 1234 633 850 1851 1550 985 817 856 1303 1806 956 941 1630 2075 1865 1466 1157 1345 760 1105 1077 1028 1054 1540 933 836 1177 904 1004 1366 1081 1377 1338 1876 1645 1492 1370 1059 1570 1083 1552 1243 1358 1160 1881 2102 1848 983 1980 804 467 975 1543 1963 1109 1306 1312 1162 941 1226 1196 1263 1706 1441 1066 1142 791 1172 1814 931 734 1592 1068 1832 880 1377 1259 1291 1060 1143 1008 1060 844 1920 2038 1531 1081 951 1384 772 1935 1067 1311 1006 1137 985 2098 1214 1028 1432 665 667 2223 1202 1350 1347 1223 1027 1509 951 1532 2024 658 1718 1510 1976 774 1535 1117 849 811 1847 1945 606 1281 606 937 1639 2104 1069 1717 776 1053 1138 2049 1187 1010 1135 1460 1216 1144 1144 1048 778 1598 677 1032 1056 1597 1593 1443 2203 544 571 1411 1754 686 1041 977 1295 1275 631 898 553 1530 1706 739 675 1026 1149 471 1596 573 851 998 1449 1485 614 911 1200 1174 1664 637 885 1842 885 1050 1137 944 1326 1081 1304 908 806 1084 1531 1421 1698 1676 1431 1410 1714 2048 1188 1043 1572 1015 901 866 1464 1871 500 1605 1296 908 1416 1098 1012 1739 1293 1078 1526 2017 1229 1069 553 1807 1123 1419 530 1355 1141 2055 1281 992 1854 693 2147 740 1158 2190 1061 1545 1410 718 382 1048 2224 822 1120 2158 2205 1308 2163 1324 1021 776 1048 1802 1059 1298 1540 1620 1638 1236 1746 926 1037 1146 2199 813
664 1211 914 720 679 747 721 733 1460 1448 851 594 791 982 1051 468 1147 1010 1174 450 1238 906 607 1849 943 1220 360 1605 1011 720 858 1683 1644 670 587 583 809 718 717 1086 1379 754 1262 904 711 1264 1077 1503 1333 941 1274 466 1086 779 1506 775 771 1389 902 679 1359 855 971 1030 1285 1109 609 791 1113 942 951 721 668 777 995 1272 744 572 1536 1742 1331 500 863 1044 1140 934 1460 546 680 1915 850 739 1105 1070 1509 1702 1444 1462 1543 1549 1533 1131 780 1784 1796 578 1089 787 1285 741 942 649 583 1023 1234 927 462 795 783 1625 679 1571 1299 702 1569 708 1383 437 1190 747 659 785 720 735 1094 1202 1208 521 1234 906 860 1090 581 1275 1682 676 1200 1238 793 778 946 938 1072 1411 543 604 1611 754 1280 1688 1091 1416 1418 1200 1163 898 1494 1089 845 1035 826 831 989 1122 988 1120 1233 657 902 1247 688 1458 913 865 693 1696 748 703 736 1065 1074 865 1022 1102 874 1922 1404 721 586 1165 1056 1864 1505 1165 1136 1185 972 1267 845 680 790 826 1362 1430 1413 885 1127 858 1263 711 751 1131 880 1052 1338 783 590 667 1276 686 819 947 806 1451 696 1636 1412 748 1414 943 509 715 1298 1213 829 706 809 1299 1541 819 610 1014 1167 1406 520 596 999 797 681 860 1168 1296 1081 1617 1856 707 849 974 1543 1727 1062 1217 886 1167 649 726 1168 1157 487 592 1068 942 748 1553 1088 716 1488 1217 1364 1105 1598 1720 708 1237 1116 909 1239 685 1619 1079 801 1475 1367 521 1330 969 678 885 745 1074 1150 916 750 941 816 1841 1067 1469 568 809 1508 1591
1494 1391 1912 1545 1307 1422 1678 1557 2413 1852 1945 1659 1684 2039 1040 1653 2321 1247 2097 1695 1030 1895 1387 1536 1891 899 1605 360 2233 1280 1759 2509 2205 1619 1560 1681 2049 1574 1941 938 2483 1613 1173 1944 1860 2060 1345 1089 2198 1962 2022 1653 882 1185 2388 1993 1487 598 1380 1774 2335 1474 1475 2129 2520 2084 1821 1663 1881 1284 1635 1570 1504 1559 1678 1455 1258 1632 475 1289 1903 1469 1879 1868 2344 1860 2026 1705 1541 2020 1601 1853 1254 1408 1651 2419 2599 2382 1420 2512 1172 998 1478 2029 2499 1563 1841 1513 1694 1429 1752 1669 1714 2187 1409 1195 1507 1188 1373 2352 1286 959 2129 1556 2371 1323 1912 1664 1254 1559 1621 1242 1552 1270 2201 2448 2065 1505 1480 1893 1269 2241 1516 1849 1354 1620 1519 2441 1718 1533 1568 1162 892 2654 1516 1648 1842 1718 1553 2012 1491 2070 2532 765 2229 2001 2503 1313 2007 1654 1351 1307 2189 2219 1015 1288 1124 1310 2100 2478 1553 2256 1295 1574 1625 2587 1684 1494 1631 1985 1244 1662 1680 1587 1090 2054 1105 1523 1390 2123 1714 1874 2689 825 845 1402 2199 697 1559 1448 1792 1780 1080 1369 821 2014 1828 1217 1184 1514 1648 1004 2063 1101 1349 1503 1830 1905 1114 1360 1709 1702 2041 984 1288 2381 620 1548 1649 1475 1739 1572 1841 849 1136 1573 1774 1960 2236 2055 1847 1933 2226 2548 1627 1494 1718 1524 1329 1381 1998 2382 999 2132 1671 1257 1911 1631 1457 2264 1337 999 2011 2329 1701 1563 819 1956 1544 1832 951 1873 1363 2581 1817 1478 2390 748 2597 867 1617 2722 1550 2080 1943 1222 879 1530 2735 919 1629 2649 2612 1732 2575 1847 1316 1286 1546 2271 1597 1429 1975 2099 2057 1591 2229 1384 1397 1335 2687 501
1032 1791 851 1098 1330 1210 970 1093 1079 1544 733 943 1006 1131 1701 1011 562 1634 969 932 1882 1189 1258 2186 1242 1781 1011 2233 360 1313 1257 1363 1554 1006 1165 1064 696 1070 812 1676 839 1052 1712 796 747 1139 1673 1973 1100 815 1190 942 1710 1416 1184 600 1171 2029 1324 840 989 1228 1309 683 653 1279 895 1027 1118 1409 1173 1075 1113 1114 1457 1588 1336 966 2174 2157 1363 1132 840 1050 500 1260 1435 1006 1085 2037 1124 1022 1721 1647 1737 1471 833 1116 1886 1130 1973 1678 1183 1860 1550 1036 1127 1347 1460 1202 1061 947 881 546 1809 1569 1114 1405 1402 1407 1317 2081 1121 1079 1303 1275 1422 940 1802 1098 1000 1435 1091 1325 1096 686 1054 1087 1537 867 1371 1012 1081 1337 2066 1008 1482 952 972 1137 1465 1476 1703 808 1164 1111 1751 946 1542 1745 1398 1341 857 1829 768 699 1040 1499 621 1232 1300 1332 858 1122 1585 1727 1707 1288 508 850 1076 1237 1385 1157 1011 1313 980 1134 1026 947 1694 1080 1200 1343 1509 2027 1870 1117 1238 923 1503 2047 864 1774 1750 1761 405 1898 1155 1165 887 929 1839 1789 1967 659 1515 1403 1708 1120 1017 1676 556 1578 1705 1164 833 706 1748 1239 1000 1111 732 1955 1304 1400 2057 1108 1630 1288 864 1070 1371 1864 1463 1066 1191 1278 1380 718 762 944 779 813 966 1104 1438 1155 1265 1298 1070 805 1644 1569 2135 1346 782 1196 1870 1627 1661 1864 666 1023 913 1084 1779 1463 1050 780 1659 931 1377 1063 1149 1152 1151 1851 726 1746 1856 1228 1087 1080 1060 1426 1803 1096 1028 1728 1066 843 832 864 783 989 1330 1374 1108 467 1383 1497 622 577 582 2153 554 1823 1214 1435 870 2200
615 1206 1030 665 597 566 783 682 1576 1303 1037 740 812 1304 874 804 1404 954 1259 809 1081 1197 625 1543 1221 859 720 1280 1313 360 1104 1741 1580 716 803 886 1165 691 1077 730 1586 740 932 1050 940 1282 1070 1157 1394 1075 1268 741 759 516 1586 1074 641 1086 661 858 1485 688 776 1226 1603 1410 968 796 1100 645 859 688 605 705 1163 1019 383 712 1228 1408 1244 582 988 1056 1423 1202 1384 878 645 1711 777 1068 1051 1094 1280 1709 1688 1560 1248 1674 1195 771 639 1613 1802 644 1064 917 1121 569 930 757 793 1270 1233 830 648 454 813 1633 490 1214 1339 669 1610 417 1282 761 1129 690 715 683 672 376 1436 1547 1256 589 996 1013 546 1443 597 1182 1362 718 982 1598 840 684 1072 588 756 1742 733 878 1421 827 1061 1536 881 1376 1633 880 1339 1092 1644 803 1088 924 569 541 1349 1461 635 1080 894 467 1179 1605 660 1491 621 766 727 1787 796 610 747 1140 1016 829 931 936 582 1726 1061 646 594 1270 1224 1630 1773 821 796 1189 1281 949 743 552 898 900 1017 1134 1053 1100 1324 512 935 633 767 771 1143 701 1046 662 949 995 935 451 843 900 1165 1095 398 1653 1125 681 1202 755 831 688 1194 972 541 686 1079 1251 1529 1177 939 1083 1339 1640 707 576 1184 688 408 624 1197 1490 720 1532 1575 491 1009 871 1256 1659 1052 1046 1098 1523 787 684 825 1396 629 926 713 1012 768 1716 1050 601 1577 905 1679 814 1344 1871 665 1279 1138 577 879 637 1838 823 773 1734 1714 819 1674 1007 614 585 678 1350 976 972 1059 1182 1149 1546 1313 1174 556 808 1772 1248
1160 947 1374 1215 898 1218 1216 1229 1878 1946 1279 1087 1287 650 1082 755 1448 902 1629 843 1177 501 843 2288 492 1541 858 1759 1257 1104 360 2129 2136 1168 665 638 924 1216 805 1388 1719 1253 1676 1350 1137 1741 868 1886 1790 1389 1759 950 1316 1053 1946 1094 1258 1521 1367 1144 1776 1340 1454 1422 1439 689 747 1289 1603 1382 1449 1218 1156 1272 562 1742 1121 1068 1661 2146 1828 925 1324 1531 1397 464 1955 692 1174 2407 1348 595 950 819 1992 2172 1730 1893 1990 1956 1932 1481 1265 2280 2264 1074 1582 606 1781 1214 1437 1142 1057 1359 958 925 851 1131 749 2096 989 1915 1768 1198 2027 1125 1881 905 1010 1243 1157 902 1215 1120 818 1271 1676 999 1710 1371 1285 883 1069 1773 2106 1174 1682 1117 1286 1271 607 1328 1288 1505 736 614 2105 1244 1763 2186 1573 1906 1746 1396 1556 1311 1884 1539 1222 1533 1279 1269 902 831 1296 937 1634 999 1220 1207 1184 1924 1355 1361 1192 2121 1243 1190 1234 1531 937 1363 1521 1594 1124 2415 1796 1214 870 1609 605 2346 1747 1419 1383 917 1212 1450 1340 1154 1267 1310 1750 1877 1723 1282 639 1257 1679 1202 1249 1483 1224 1435 1787 1273 829 975 1674 1121 1313 1445 892 1809 1067 2103 1513 1243 1901 1427 926 1212 1796 1278 1095 1204 426 1792 2021 908 949 1486 1563 1709 1016 1079 540 1289 1088 1325 1645 1659 1420 2112 2315 1006 1294 1472 1997 2219 864 1182 1286 970 1136 1223 1417 661 976 932 1371 1418 769 1927 1583 1200 1922 1396 1518 1272 2071 2097 1203 1706 1598 1321 1556 1178 1926 1204 1300 1735 1401 960 1384 1454 882 1321 1240 1356 1642 712 1060 1301 1039 2289 1396 1917 910 786 1756 1795
1370 2524 1129 1440 1914 1537 1351 1422 646 1107 1210 1459 1300 2094 2255 1759 1178 2297 868 1661 2462 2110 1879 1848 2161 1970 1683 2509 1363 1741 2129 360 812 1419 1909 1865 1651 1418 1724 1957 956 1368 1724 1143 1353 821 2387 1924 713 1105 849 1577 2072 1897 544 1414 1461 2389 1513 1364 734 1435 1402 1083 1461 2247 1745 1312 1006 1601 1258 1420 1507 1396 2302 1453 1752 1487 2504 1961 982 1713 1180 1045 1277 2169 894 1803 1468 1410 1326 1918 2397 2388 1387 550 1105 607 1654 630 1874 1872 1465 1224 580 1524 1045 2110 1204 1533 1170 1410 1460 1188 2549 2187 1753 1822 2090 560 1835 2079 762 1441 497 1684 994 1614 2480 1413 1426 2029 1434 1741 2090 1633 848 1622 1414 1137 1647 2012 1559 1028 1841 1415 1365 1944 1280 1417 2267 1738 2085 1595 1865 1903 1258 1308 1355 1129 1378 814 980 2181 961 1179 730 1556 1275 1221 1572 1617 1855 2117 1912 2418 1761 1798 1313 1821 1453 615 1597 1342 1399 492 1329 1494 1368 981 2362 1271 1200 1281 1957 1378 1848 1457 1842 881 2360 1509 1230 2075 2070 2500 1395 2241 1363 1553 1257 1230 1848 1621 2086 1212 2408 1712 1714 1471 1347 1866 1290 1773 1588 1441 1662 1521 1782 1652 1268 1205 1687 1976 1762 525 2445 1421 1320 1408 1571 1421 1043 2342 1921 1426 2066 910 662 1678 1540 1035 952 1061 1533 1568 2298 1415 1704 1525 904 933 1880 886 1719 1854 1199 1255 1617 829 2371 2427 1206 2026 1399 1421 2083 2394 1615 1557 1949 1110 2049 769 1064 1500 573 2215 1459 2164 1500 745 1443 822 963 1680 1989 1473 1021 2194 1329 1179 1711 1541 1667 1100 1925 1617 1424 1261 1275 2236 1447 1215 1512 1784 1170 1632 1792 2107 1212 2415
1250 2420 1146 1318 1794 1378 1283 1301 971 716 1269 1411 1214 2174 2082 1741 1415 2173 945 1653 2285 2152 1781 1409 2199 1675 1644 2205 1554 1580 2136 812 360 1338 1867 1858 1764 1306 1800 1700 1283 1261 1393 1187 1387 782 2281 1551 823 1151 746 1546 1835 1733 850 1511 1308 2124 1297 1357 999 1252 1176 1231 1737 2324 1783 1215 892 1365 1086 1306 1388 1262 2278 1110 1583 1432 2219 1545 696 1626 1190 966 1515 2198 556 1804 1356 962 1182 1960 2270 2296 974 634 1453 910 1248 1020 1489 1591 1307 773 682 1441 915 2055 873 1377 1062 1356 1439 1368 2446 2050 1684 1642 1998 614 1698 1710 793 1328 724 1526 665 1591 2350 1288 1348 1899 1315 1575 2211 1868 864 1535 1084 1143 1438 2152 1463 758 1424 1332 1050 2143 1211 1275 2219 1505 1855 1892 1807 1887 819 1251 1011 677 1106 591 1322 1928 1161 1265 1098 1271 1373 1016 1379 1419 1995 2241 1679 2298 1440 1663 1453 2044 1342 707 1371 1183 1315 942 1255 1362 1274 997 2235 1148 1012 1021 1770 933 1490 1328 1742 991 2340 1057 1587 1813 1817 2400 1572 1980 1206 1417 1231 1186 1500 1239 1755 1308 2410 1504 1382 1342 1256 1584 1415 1506 1228 1288 1702 1586 1452 1503 1185 1066 1795 1621 1610 648 2187 1292 932 1192 1575 1310 750 2128 1743 1318 2080 705 553 1792 1584 1028 1150 1398 1484 1463 2284 1264 1555 1324 869 1217 1615 441 1273 1708 1235 1071 1209 442 2264 2245 1301 2187 1359 1304 1822 2427 1542 1595 1696 1086 1953 1164 917 1362 883 1965 1758 1940 1073 1187 1326 837 906 1455 1692 1357 1424 1988 1214 1532 1982 1539 1934 1044 1808 1400 1295 1472 994 2156 1538 1354 1633 1341 1368 1242 1689 2005 1572 2094
389 1469 676 453 855 565 429 453 1230 1140 686 456 485 1264 1209 774 1064 1237 919 700 1414 1207 821 1610 1247 1138 670 1619 1006 716 1168 1419 1338 360 888 892 964 430 929 1046 1231 446 1076 694 619 976 1330 1335 1066 720 978 584 1108 860 1252 787 527 1438 684 525 1135 599 704 871 1300 1402 862 482 812 763 644 435 475 488 1300 1010 734 462 1576 1541 1021 656 632 748 1097 1241 1151 845 439 1616 546 1026 1337 1336 1225 1415 1339 1220 1301 1327 1345 1034 539 1478 1509 466 784 1078 984 557 636 421 519 930 1494 1128 707 809 1036 1338 783 1436 1021 433 1295 663 1072 631 1421 462 371 971 446 722 1350 1287 932 564 966 660 726 1324 500 964 1463 366 923 1418 499 503 1241 834 1108 1453 829 914 1311 474 999 1379 817 1113 1278 1228 983 741 1291 871 756 729 653 687 1192 1379 964 1359 1065 746 861 1387 430 1180 738 568 383 1452 450 488 425 801 1303 555 714 807 937 1620 1232 470 783 924 1362 1575 1431 1154 1134 1445 983 1296 553 531 542 551 1198 1193 1321 755 1437 766 1073 473 441 1031 818 932 1103 525 799 758 1107 626 516 636 980 1310 724 1353 1479 470 1125 677 647 428 988 1326 894 422 1118 993 1246 986 718 745 982 1289 513 511 1307 524 670 653 882 1134 1003 1308 1594 805 654 669 1294 1420 1313 1383 751 1388 454 443 1159 1466 565 716 1031 671 993 1361 781 506 1240 1256 1371 1170 1325 1519 441 959 826 781 1160 450 1483 1177 492 1389 1452 613 1407 681 865 727 469 1023 856 1188 784 843 895 1591 971 1231 733 1050 1428 1571
869 999 1140 922 625 914 945 938 1680 1654 1069 820 1012 871 927 520 1327 829 1400 617 1086 754 554 1986 777 1266 587 1560 1165 803 665 1909 1867 888 360 482 887 927 763 1117 1577 968 1376 1128 926 1491 872 1595 1560 1165 1500 692 1070 778 1731 949 959 1328 1062 904 1578 1039 1152 1240 1410 967 647 1011 1337 1077 1160 928 859 980 772 1437 822 796 1475 1850 1548 622 1089 1269 1303 759 1680 524 882 2107 1058 655 916 856 1688 1929 1624 1685 1686 1767 1637 1196 966 1985 2023 787 1311 562 1484 911 1164 874 809 1214 1020 778 550 841 598 1852 698 1637 1526 908 1796 821 1598 655 997 951 878 679 924 819 1018 1288 1435 702 1406 1132 982 1045 774 1490 1806 894 1380 1241 1018 976 718 1030 1048 1514 431 448 1806 980 1460 1894 1271 1640 1612 1169 1375 1112 1708 1234 1046 1242 974 964 990 1041 1020 923 1337 701 1082 1287 893 1685 1050 1068 912 1919 972 892 953 1292 888 1081 1234 1296 862 2116 1503 918 573 1389 834 2043 1670 1167 1133 971 1122 1230 1046 852 1017 1053 1457 1573 1455 1094 914 956 1379 906 970 1198 1069 1140 1482 975 692 826 1378 816 1042 1164 868 1525 767 1863 1337 950 1599 1125 707 923 1512 1114 825 915 635 1521 1768 885 778 1241 1379 1591 745 781 780 993 784 1020 1395 1500 1137 1836 2010 719 1072 1181 1692 1949 859 1074 1096 1132 876 932 1167 964 686 758 1099 1169 580 1762 1309 900 1711 1176 1491 1054 1766 1931 911 1464 1343 1020 1283 884 1808 1004 1016 1646 1444 732 1414 1196 612 1016 947 1245 1343 701 917 1138 948 1986 1256 1613 607 634 1675 1572
888 1087 1102 944 738 961 938 957 1623 1672 1015 809 1009 778 1049 478 1236 940 1360 567 1204 685 662 2055 720 1368 583 1681 1064 886 638 1865 1858 892 482 360 769 942 643 1222 1495 977 1454 1082 871 1466 969 1683 1521 1121 1482 672 1185 885 1683 862 993 1449 1115 869 1521 1076 1191 1173 1297 893 532 1012 1326 1143 1174 945 889 1000 797 1488 907 791 1597 1933 1550 677 1052 1253 1204 710 1677 423 904 2139 1073 544 1021 943 1731 1900 1530 1634 1751 1706 1720 1291 1001 2007 1992 801 1304 643 1509 956 1159 864 780 1131 1106 899 602 937 714 1823 797 1734 1495 926 1758 892 1603 627 1100 971 880 801 943 902 912 1168 1403 735 1453 1098 1053 931 802 1496 1881 898 1421 1120 1008 1001 774 1114 1164 1396 528 407 1835 966 1501 1911 1311 1628 1527 1286 1308 1052 1640 1297 974 1259 1032 1030 868 937 1124 1025 1419 792 994 1164 912 1652 1115 1089 915 1865 965 924 957 1259 996 1087 1245 1325 973 2146 1588 944 672 1343 855 2085 1568 1279 1246 1058 1019 1349 1068 895 991 1033 1543 1637 1559 1028 913 1037 1456 934 971 1292 988 1227 1546 1006 592 737 1461 880 1035 1167 749 1619 853 1832 1459 971 1636 1164 654 939 1520 1237 934 930 586 1514 1746 765 698 1211 1314 1501 739 815 794 1020 858 1072 1369 1425 1235 1834 2069 821 1026 1198 1754 1941 957 1193 1031 1016 858 950 1280 934 707 679 1203 1142 700 1690 1305 936 1661 1295 1378 1174 1816 1860 931 1433 1321 1096 1385 908 1718 1126 1024 1547 1322 686 1294 1176 727 1083 969 1150 1373 792 828 1061 843 2050 1171 1677 693 751 1574 1689
992 1479 983 1054 1106 1135 965 1057 1377 1674 856 872 1028 805 1451 759 895 1349 1192 718 1613 852 1027 2215 905 1663 809 2049 696 1165 924 1651 1764 964 887 769 360 1034 488 1534 1171 1041 1667 938 760 1342 1370 1921 1346 973 1380 793 1533 1225 1467 612 1125 1827 1280 831 1279 1203 1308 929 889 957 600 1043 1261 1345 1217 1039 1036 1093 1126 1613 1189 880 1976 2141 1513 949 946 1184 835 923 1614 722 1024 2170 1136 689 1429 1338 1812 1732 1167 1405 1906 1442 1939 1570 1137 2009 1819 938 1255 1044 1549 1128 1142 907 805 830 1495 1305 902 1244 1123 1661 1126 2003 1345 1032 1571 1144 1571 764 1506 1067 954 1192 1049 1179 808 763 1263 943 1567 990 1279 749 970 1472 2067 969 1520 814 1005 1108 1144 1370 1518 987 907 815 1868 965 1593 1899 1419 1536 1193 1646 1051 860 1358 1471 752 1295 1226 1244 598 837 1436 1430 1648 1106 698 801 1023 1486 1317 1165 980 1619 986 1068 1013 1127 1404 1116 1269 1393 1321 2167 1819 1067 1019 1157 1169 2151 1183 1615 1585 1449 652 1712 1154 1073 940 991 1780 1798 1856 819 1178 1291 1666 1064 1015 1569 722 1483 1707 1128 579 568 1691 1115 1038 1177 396 1880 1143 1661 1845 1074 1707 1282 701 1033 1503 1632 1276 1025 859 1446 1612 387 607 1100 1060 1150 850 993 1105 1129 1121 1244 1255 1125 1523 1762 2193 1154 894 1243 1898 1843 1360 1601 825 797 879 1047 1617 1128 901 613 1516 1054 1107 1390 1269 1085 1438 1661 971 1545 1919 1558 1040 1292 1225 1332 1683 1034 1364 1509 1074 1170 924 726 890 1108 1100 1295 1073 800 1440 1193 587 796 499 2194 859 1836 1013 1160 1191 2040
321 1483 702 389 861 512 465 383 1245 1090 734 524 480 1325 1199 825 1117 1245 928 759 1406 1262 837 1540 1301 1082 718 1574 1070 691 1216 1418 1306 430 927 942 1034 360 996 998 1269 409 1008 729 684 965 1344 1267 1067 750 959 643 1070 843 1257 855 460 1401 616 590 1153 529 634 914 1363 1460 925 466 791 699 593 365 449 421 1338 941 706 524 1536 1471 981 679 665 735 1156 1293 1116 900 411 1558 491 1085 1344 1354 1161 1401 1385 1230 1231 1343 1275 976 472 1425 1495 501 759 1109 927 504 614 490 589 983 1509 1131 740 781 1054 1324 777 1370 1016 383 1290 635 1030 689 1427 393 440 973 382 694 1415 1355 930 588 898 684 671 1391 516 923 1393 426 856 1488 509 433 1273 780 1074 1518 864 961 1254 503 934 1330 750 1086 1318 1189 1017 789 1314 801 816 677 593 631 1261 1444 920 1368 998 740 923 1457 396 1172 674 507 419 1458 469 442 417 809 1310 518 666 746 913 1564 1164 411 798 939 1401 1513 1482 1109 1092 1461 1048 1257 488 499 577 570 1131 1123 1261 807 1480 717 1005 420 436 973 878 872 1032 456 865 828 1040 600 512 600 1049 1244 706 1341 1445 399 1062 608 713 363 944 1303 873 371 1168 963 1227 1056 787 752 1015 1333 571 517 1348 454 649 587 874 1170 950 1271 1526 796 697 616 1224 1388 1327 1372 803 1457 522 373 1115 1516 601 785 983 680 1010 1387 751 456 1247 1219 1432 1140 1258 1541 386 955 816 724 1104 415 1522 1154 453 1438 1519 680 1474 678 873 666 399 1081 794 1210 854 898 964 1522 1024 1161 746 1064 1478 1520
951 1351 1013 1011 993 1077 944 1018 1458 1678 895 833 1013 736 1330 648 1003 1222 1244 630 1487 750 914 2174 803 1577 717 1941 812 1077 805 1724 1800 929 763 643 488 996 360 1442 1276 1012 1606 975 773 1383 1242 1854 1403 1012 1413 727 1430 1122 1539 669 1079 1715 1228 823 1358 1160 1271 1002 1018 888 479 1024 1280 1283 1201 1001 982 1057 1005 1578 1101 833 1864 2084 1528 856 970 1203 952 816 1638 600 977 2169 1111 571 1301 1210 1793 1791 1285 1480 1864 1529 1878 1488 1090 2016 1880 881 1269 915 1540 1070 1143 877 772 922 1368 1181 800 1150 998 1718 1024 1927 1394 990 1634 1063 1585 690 1377 1029 918 1074 1007 1093 785 885 1307 866 1535 1016 1209 754 906 1482 2017 934 1492 881 996 1069 1018 1293 1413 1113 789 688 1865 954 1568 1910 1387 1569 1301 1539 1132 911 1451 1419 809 1283 1164 1177 634 815 1343 1301 1582 1008 783 897 979 1542 1254 1137 948 1702 969 1015 985 1166 1277 1101 1260 1373 1216 2169 1753 1021 911 1215 1051 2139 1307 1516 1485 1321 766 1605 1122 1011 944 994 1713 1754 1771 874 1069 1213 1606 1015 991 1487 796 1407 1662 1084 494 573 1625 1038 1029 1170 465 1805 1052 1720 1730 1035 1690 1244 644 994 1511 1513 1172 986 739 1470 1659 482 583 1131 1140 1263 794 927 986 1090 1037 1189 1291 1222 1438 1791 2163 1052 924 1227 1860 1881 1232 1477 880 822 854 1008 1518 1033 825 578 1424 1076 983 1489 1279 1032 1512 1553 1099 1434 1894 1658 997 1337 1254 1260 1597 986 1480 1394 1051 1291 1041 676 1011 1125 986 1229 1033 910 1421 1065 636 873 594 2158 956 1793 911 1035 1315 1937
917 1277 1334 968 854 845 1102 979 1841 1366 1371 1094 1106 1629 847 1160 1750 1035 1523 1176 1009 1504 923 1341 1517 513 1086 938 1676 730 1388 1957 1700 1046 1117 1222 1534 998 1442 360 1905 1035 755 1366 1294 1499 1165 881 1632 1384 1467 1112 509 699 1825 1440 909 792 808 1206 1760 899 914 1552 1968 1713 1328 1085 1317 716 1066 993 931 981 1386 987 707 1070 911 1151 1376 946 1302 1297 1779 1492 1509 1227 966 1660 1024 1406 1104 1213 1236 1885 2023 1814 1095 1941 945 494 900 1614 1971 1000 1277 1158 1189 853 1178 1099 1154 1616 1303 918 1003 651 1019 1814 785 887 1566 980 1820 762 1396 1132 1158 981 1049 855 975 717 1774 1918 1497 959 993 1315 691 1792 955 1317 1142 1046 1014 1961 1140 955 1279 585 539 2111 1055 1202 1415 1141 1070 1567 956 1536 1954 588 1651 1426 1928 789 1439 1095 773 729 1709 1797 458 1142 695 795 1537 1974 978 1702 723 998 1050 2026 1106 919 1054 1410 1075 1086 1118 1047 625 1685 811 946 910 1547 1440 1544 2117 478 477 1271 1646 644 982 876 1215 1202 763 998 698 1441 1553 640 764 938 1070 501 1497 553 934 925 1317 1365 719 796 1131 1130 1533 789 750 1841 851 970 1196 910 1202 996 1315 809 654 997 1380 1418 1701 1545 1309 1356 1648 1972 1073 932 1418 946 776 805 1431 1804 446 1635 1418 761 1335 1065 1118 1769 1149 964 1438 1875 1131 986 486 1653 1000 1296 378 1295 987 2005 1255 902 1824 625 2043 624 1252 2149 974 1514 1374 645 527 956 2157 697 1051 2075 2084 1188 2044 1272 869 710 968 1705 1068 1146 1426 1528 1519 1365 1658 1030 895 992 2115 885
1230 2216 931 1299 1679 1421 1167 1286 684 1414 911 1216 1159 1611 2054 1416 637 2029 815 1321 2251 1663 1620 2152 1716 1974 1379 2483 839 1586 1719 956 1283 1231 1577 1495 1171 1269 1276 1905 360 1229 1816 900 1032 959 2089 2064 840 881 1022 1283 1979 1722 811 993 1356 2309 1477 1096 644 1378 1410 721 867 1758 1339 1180 1056 1574 1244 1274 1346 1284 1914 1610 1605 1247 2446 2189 1229 1465 964 1027 716 1732 1238 1432 1307 1856 1251 1487 2124 2073 1669 1111 532 742 1886 690 2042 1867 1365 1665 1171 1308 1087 1773 1406 1414 1115 1190 1181 724 2237 1944 1474 1680 1800 1068 1635 2200 901 1289 947 1535 1276 1302 2207 1284 1231 1794 1291 1593 1570 1052 893 1392 1559 950 1574 1481 1355 1233 2080 1230 1500 1375 1125 1311 1908 1682 1980 998 1556 1540 1616 1126 1533 1551 1454 1128 411 2098 615 857 589 1606 894 1263 1493 1536 1331 1595 1830 2136 1831 1599 862 1242 1293 936 1557 1281 1222 872 1160 1351 1212 892 2093 1190 1229 1369 1806 1835 1968 1320 1591 768 1964 1910 667 2018 2001 2188 881 2166 1292 1402 1052 1063 1950 1813 2137 858 1985 1626 1809 1330 1195 1862 868 1760 1747 1341 1264 1118 1865 1498 1135 1172 1208 2078 1591 1048 2351 1294 1571 1400 1235 1271 1265 2190 1762 1271 1653 1128 1089 1195 1159 933 619 475 1272 1373 1899 1321 1539 1468 949 463 1850 1327 2062 1660 937 1258 1859 1338 2075 2225 858 1478 1162 1280 2025 1940 1366 1179 1892 979 1767 589 1115 1366 774 2127 862 2041 1795 749 1294 901 980 1623 1996 1316 612 2043 1215 611 1116 1218 1073 1017 1684 1560 1297 732 1391 1918 1027 799 1042 2102 684 1839 1553 1828 653 2422
364 1532 659 434 910 552 443 418 1196 1054 703 541 432 1350 1249 859 1087 1294 879 787 1455 1294 885 1534 1334 1113 754 1613 1052 740 1253 1368 1261 446 968 977 1041 409 1012 1035 1229 360 1020 690 671 915 1393 1280 1017 709 910 670 1114 892 1207 846 487 1444 632 580 1106 536 628 877 1344 1489 948 416 742 722 558 412 499 421 1380 932 753 549 1578 1475 939 725 626 685 1131 1327 1072 931 460 1530 460 1113 1394 1402 1141 1352 1349 1181 1226 1295 1284 1006 498 1391 1445 541 711 1153 897 545 565 495 599 955 1557 1180 783 828 1102 1274 827 1389 966 433 1240 683 989 718 1477 414 458 1023 427 742 1434 1346 880 633 886 641 705 1406 562 882 1393 440 840 1493 465 446 1318 814 1118 1501 907 998 1224 470 916 1294 737 1039 1278 1232 976 757 1268 809 794 642 625 666 1272 1464 961 1418 1015 790 904 1456 445 1122 700 485 424 1409 434 489 388 760 1359 473 628 722 961 1533 1177 454 846 891 1443 1490 1449 1148 1132 1510 1033 1299 473 547 542 527 1146 1120 1289 779 1519 756 1016 466 396 1003 858 901 1031 475 884 833 1055 648 463 555 1058 1263 756 1291 1490 425 1039 604 732 413 904 1351 921 418 1203 917 1179 1063 796 703 973 1297 600 565 1389 462 699 610 824 1129 984 1228 1513 846 663 582 1217 1343 1376 1422 774 1469 522 415 1155 1551 642 797 1022 632 1058 1341 705 500 1198 1262 1411 1186 1242 1494 435 905 766 757 1135 465 1482 1202 407 1404 1509 697 1462 628 922 696 427 1056 770 1258 849 871 962 1513 994 1157 794 1113 1445 1556
927 1662 1269 983 1147 892 1103 984 1673 1039 1352 1160 1068 1872 1238 1361 1729 1412 1379 1339 1404 1770 1193 976 1794 664 1262 1173 1712 932 1676 1724 1393 1076 1376 1454 1667 1008 1606 755 1816 1020 360 1316 1330 1299 1541 620 1445 1319 1251 1239 903 1002 1626 1503 909 1121 752 1237 1612 843 773 1501 2003 1982 1510 1047 1139 683 934 1002 991 959 1716 642 914 1148 1197 840 1104 1139 1256 1152 1784 1774 1219 1438 1006 1270 953 1633 1489 1584 856 1617 1962 1633 703 1770 632 620 896 1239 1693 1089 1102 1473 887 899 1063 1137 1228 1601 1688 1288 1212 911 1349 1554 1047 743 1372 1003 1588 922 1106 1276 1548 977 1085 1190 989 917 1995 2003 1325 1103 672 1249 763 1992 1060 1056 789 1073 719 2120 1103 937 1616 708 934 2161 1305 1449 1043 1126 741 1207 726 1274 1868 956 1565 1400 1781 575 1452 915 802 790 1880 2022 797 1526 419 1037 1564 2100 1010 1478 711 919 1067 1816 1092 960 1047 1285 1458 1005 948 820 968 1297 517 967 1165 1417 1775 1149 2076 837 856 1653 1694 990 918 955 1190 1155 494 603 724 1430 1881 779 371 967 1055 614 1517 609 546 911 1472 1468 419 937 1080 1006 1677 623 969 1585 1189 968 838 789 1328 1008 1042 1199 974 1014 1652 1174 1438 1685 1421 1243 1559 1904 1177 1038 1742 918 955 785 1258 1713 675 1319 1031 1034 1306 918 724 1451 1525 1359 1424 2066 1170 994 847 1964 1142 1414 762 1205 1309 1863 1075 942 1634 993 2068 1018 859 1983 995 1333 1211 718 675 996 2059 1092 1007 2026 2167 1301 2122 1161 1164 737 968 1710 814 1496 1501 1522 1610 988 1637 636 1129 1331 2069 1061
690 1754 414 759 1169 881 628 746 917 1117 441 696 622 1351 1535 975 773 1540 638 877 1738 1343 1120 1753 1393 1441 904 1944 796 1050 1350 1143 1187 694 1128 1082 938 729 975 1366 900 690 1316 360 573 767 1619 1574 800 398 801 798 1439 1192 963 686 818 1769 949 586 817 849 903 548 1066 1503 973 644 691 1044 750 734 807 747 1519 1160 1067 727 1906 1738 943 956 424 618 835 1397 1036 1021 767 1613 726 1150 1639 1614 1300 1184 1020 918 1456 1008 1565 1334 828 1443 1275 780 694 1330 1023 874 628 659 682 649 1777 1441 983 1143 1322 1108 1110 1696 781 748 1036 997 1002 832 1723 745 695 1285 751 1056 1384 1121 693 872 1109 431 1036 1327 825 909 1641 692 1051 1344 587 774 1484 1145 1441 1230 1087 1120 1320 586 1108 1330 976 958 948 1558 649 457 963 1101 556 800 955 997 1173 1414 1290 1656 1321 1073 659 1268 753 934 1025 759 683 1151 620 811 672 551 1606 670 766 912 1271 1606 1473 780 1086 622 1577 1615 1124 1478 1461 1728 795 1626 765 862 512 526 1448 1364 1612 499 1629 1086 1310 790 655 1330 611 1228 1284 804 890 762 1359 960 602 682 969 1571 1057 1114 1812 755 1193 887 788 731 943 1659 1228 731 1288 869 1044 965 767 522 648 966 764 841 1516 786 1004 935 677 801 1314 1184 1699 1134 416 770 1438 1267 1603 1709 492 1368 637 740 1485 1625 854 782 1352 494 1283 1030 714 825 943 1587 1123 1504 1419 1191 754 723 647 1087 1463 777 1152 1511 681 1077 1269 758 1220 552 1176 1025 757 764 950 1461 711 582 811 1718 682 1397 1042 1343 1119 1886
645 1561 603 710 1007 823 588 707 1114 1274 504 561 639 1146 1382 769 824 1361 851 670 1578 1132 947 1837 1180 1395 711 1860 747 940 1137 1353 1387 619 926 871 760 684 773 1294 1032 671 1330 573 360 974 1429 1590 1013 612 1002 611 1340 1061 1171 536 784 1666 939 453 1012 847 937 678 1041 1297 760 657 867 1022 824 689 726 731 1309 1233 962 588 1808 1787 1116 793 557 790 844 1184 1225 810 697 1769 755 938 1457 1419 1416 1396 1114 1122 1530 1201 1596 1291 796 1610 1488 657 858 1128 1150 815 741 559 510 691 1584 1272 802 1034 1135 1321 968 1694 993 692 1249 896 1175 635 1541 713 613 1121 704 950 1194 1034 903 726 1184 604 983 1147 703 1073 1702 621 1133 1200 611 753 1279 1090 1336 1194 894 911 1468 575 1202 1501 1038 1156 1074 1460 811 546 1143 1120 508 899 912 944 999 1223 1206 1471 1322 934 603 1150 689 1147 997 787 624 1354 604 746 643 759 1425 724 871 1001 1150 1766 1487 729 918 832 1366 1752 1192 1397 1374 1535 724 1529 781 779 539 591 1455 1427 1579 534 1416 1018 1327 733 638 1288 563 1190 1340 779 678 561 1364 860 643 778 785 1568 937 1327 1701 722 1310 914 580 684 1104 1525 1104 679 1075 1056 1253 786 556 719 815 1070 603 725 1304 772 892 911 880 946 1258 1377 1804 995 517 850 1518 1469 1414 1553 535 1197 525 698 1402 1412 696 569 1278 662 1099 1201 870 764 1150 1485 1112 1388 1527 1369 700 934 841 1038 1417 708 1277 1381 693 1155 1197 554 1151 712 1011 986 723 771 1046 1265 544 604 658 1811 735 1463 881 1160 1192 1820
915 2084 731 984 1465 1077 911 967 737 815 848 1031 852 1759 1797 1352 1021 1849 533 1259 2004 1746 1437 1556 1794 1522 1264 2060 1139 1282 1741 821 782 976 1491 1466 1342 965 1383 1499 959 915 1299 767 974 360 1946 1525 506 731 423 1160 1612 1438 689 1089 1001 1931 1053 956 695 974 946 815 1348 1910 1374 861 544 1143 797 966 1054 938 1897 1051 1292 1056 2049 1613 629 1272 779 589 1116 1796 660 1408 1016 1278 865 1552 1949 1952 1072 800 1129 693 1304 832 1488 1421 1004 1092 893 1082 583 1687 821 1073 712 978 1047 955 2110 1735 1320 1362 1652 722 1381 1673 432 988 688 1225 678 1202 2032 956 984 1578 979 1281 1790 1460 444 1180 1005 731 1186 1729 1113 639 1499 971 949 1724 838 958 1849 1278 1624 1509 1439 1499 1020 872 962 976 938 561 1008 1721 770 842 856 1113 951 766 1110 1155 1573 1820 1451 1973 1329 1344 1032 1630 1000 569 1137 880 954 887 886 1037 919 576 1914 813 741 841 1496 1263 1438 1000 1398 583 1958 1317 1262 1618 1612 2061 1154 1782 902 1096 835 797 1430 1244 1653 885 2019 1250 1290 1015 898 1415 992 1319 1191 980 1292 1169 1355 1194 820 743 1374 1560 1304 737 1986 964 978 949 1175 968 669 1880 1461 974 1682 528 640 1370 1171 616 759 1070 1106 1120 1898 955 1247 1064 456 869 1425 790 1462 1398 818 795 1274 861 1929 1968 878 1764 974 967 1626 2024 1179 1184 1491 683 1609 937 604 1042 694 1756 1381 1702 1197 1044 989 422 509 1220 1543 1020 1166 1732 874 1207 1585 1140 1536 656 1477 1156 967 1065 846 1804 1117 934 1210 1505 961 1265 1347 1665 1250 1973
1277 499 1623 1328 846 1264 1397 1346 2176 2013 1569 1288 1453 1155 697 1033 1839 490 1880 1127 692 1007 869 2145 981 1308 1077 1345 1673 1070 868 2387 2281 1330 872 969 1370 1344 1242 1165 2089 1393 1541 1619 1429 1946 360 1683 2034 1655 1944 1181 1037 931 2215 1461 1333 1114 1370 1392 2075 1393 1487 1747 1900 1151 1140 1445 1775 1336 1555 1343 1258 1381 718 1707 1072 1260 1235 1953 1947 1034 1572 1717 1812 948 2086 1027 1293 2405 1461 1062 453 423 1971 2385 2136 2175 1884 2266 1750 1292 1334 2319 2478 1224 1743 686 1831 1265 1598 1336 1296 1726 525 614 996 1031 657 2307 945 1662 1992 1321 2265 1120 1989 1154 501 1357 1322 746 1332 1078 1322 1753 1902 1126 1692 1612 1241 1392 1192 1886 1947 1335 1686 1625 1469 1367 625 1223 1003 1986 895 921 2125 1438 1762 2246 1588 2068 2125 1065 1881 1616 2212 1485 1556 1627 1279 1247 1402 1332 1104 429 1486 978 1594 1710 1308 2150 1318 1458 1351 2409 1420 1280 1387 1766 462 1502 1629 1646 937 2423 1616 1315 907 1876 739 2310 2177 1138 1104 479 1628 1095 1435 1224 1491 1516 1568 1778 1452 1601 848 1184 1549 1301 1407 1297 1582 1296 1700 1353 1199 1338 1517 1140 1486 1581 1344 1583 1036 2323 1085 1352 1902 1465 1215 1340 1900 861 940 1334 914 1944 2212 1361 1291 1711 1884 2104 1216 1187 759 1377 1088 1335 1853 2011 1231 2237 2213 938 1565 1571 1903 2362 377 712 1603 1478 1349 1344 1132 984 1132 1271 1152 1637 698 2270 1734 1280 2199 1048 1981 945 2017 2438 1321 1929 1796 1249 1315 1290 2320 860 1437 2155 1895 1236 1873 1652 833 1282 1349 1756 1687 536 1430 1650 1452 2166 1769 1815 958 640 2183 1415
1186 1790 1526 1242 1348 1146 1363 1243 1902 1196 1612 1417 1328 2101 1356 1598 1987 1554 1620 1584 1488 1990 1405 841 2009 735 1503 1089 1973 1157 1886 1924 1551 1335 1595 1683 1921 1267 1854 881 2064 1280 620 1574 1590 1525 1683 360 1671 1575 1471 1490 1008 1194 1843 1762 1167 1117 1011 1497 1848 1104 1030 1757 2263 2202 1753 1307 1376 936 1188 1262 1246 1219 1902 834 1136 1404 1147 630 1302 1374 1514 1397 2043 1987 1398 1674 1264 1291 1213 1865 1618 1733 951 1798 2214 1857 695 1996 443 767 1155 1313 1866 1343 1342 1667 1080 1153 1316 1396 1485 1860 1815 1439 1444 1115 1533 1742 1258 518 1597 1262 1791 1156 1291 1524 1664 1237 1343 1369 1248 1141 2232 2262 1560 1347 879 1506 1005 2234 1310 1262 642 1332 936 2371 1363 1197 1797 929 1042 2421 1526 1674 1138 1386 930 1313 970 1470 2116 1014 1816 1660 2016 834 1712 1161 1055 1037 2128 2258 959 1656 633 1254 1824 2356 1268 1687 964 1179 1326 2025 1352 1217 1307 1532 1591 1264 1195 1057 1138 1326 463 1225 1382 1660 1958 1145 2330 913 944 1786 1954 1021 1178 1207 1450 1414 501 672 644 1689 2069 1008 624 1225 1315 763 1777 815 696 1171 1720 1724 590 1177 1339 1260 1929 473 1191 1775 1187 1228 978 1048 1580 1267 1242 1267 1157 1273 1868 1384 1627 1938 1675 1493 1809 2156 1430 1288 1933 1178 1187 1042 1494 1962 829 1472 953 1240 1565 1171 734 1598 1668 1443 1684 2311 1429 1253 920 2163 1388 1668 895 1459 1498 2098 1314 1198 1855 1044 2328 1111 895 2208 1254 1564 1451 954 730 1253 2303 1196 1267 2280 2427 1555 2381 1413 1365 985 1227 1969 1041 1667 1760 1782 1868 881 1895 674 1352 1509 2323 955
1020 2172 779 1090 1562 1193 998 1073 591 941 873 1107 948 1778 1906 1412 952 1944 521 1315 2113 1781 1526 1692 1831 1662 1333 2198 1100 1394 1790 713 823 1066 1560 1521 1346 1067 1403 1632 840 1017 1445 800 1013 506 2034 1671 360 761 563 1227 1739 1549 553 1097 1117 2062 1184 1015 561 1099 1082 784 1274 1931 1411 961 676 1276 926 1069 1157 1049 1958 1198 1405 1135 2183 1756 763 1360 831 700 1052 1836 757 1461 1117 1376 983 1587 2044 2035 1208 747 1013 547 1447 685 1634 1560 1121 1186 837 1171 716 1760 965 1188 825 1057 1110 914 2196 1835 1400 1478 1737 675 1484 1819 434 1091 596 1337 804 1265 2127 1064 1073 1677 1084 1394 1793 1408 498 1269 1152 787 1312 1724 1207 781 1642 1062 1095 1693 927 1071 1918 1409 1750 1430 1513 1558 1139 955 1108 1071 1082 648 886 1851 699 851 712 1256 956 905 1234 1280 1566 1822 1580 2065 1473 1447 1016 1587 1101 500 1269 1002 1047 755 976 1145 1016 628 2009 926 878 986 1612 1356 1584 1108 1489 549 2016 1431 1147 1751 1743 2147 1123 1914 1022 1204 904 877 1576 1390 1797 889 2069 1376 1436 1122 995 1554 984 1456 1338 1096 1328 1193 1501 1304 916 865 1380 1706 1413 676 2115 1072 1118 1083 1227 1070 809 2000 1575 1075 1729 663 640 1373 1205 682 687 954 1181 1216 1955 1071 1355 1191 561 761 1561 855 1591 1503 856 927 1416 891 2018 2079 883 1750 1047 1072 1759 2063 1262 1221 1623 757 1696 793 740 1152 552 1885 1296 1826 1333 897 1092 478 619 1350 1683 1122 1030 1851 981 1092 1519 1195 1471 748 1572 1285 1075 1013 992 1884 1128 915 1208 1638 910 1410 1439 1754 1133 2113
710 1790 411 779 1201 901 652 766 881 1092 477 729 638 1389 1565 1014 774 1575 599 916 1769 1382 1154 1741 1431 1455 941 1962 815 1075 1389 1105 1151 720 1165 1121 973 750 1012 1384 881 709 1319 398 612 731 1655 1575 761 360 766 835 1461 1220 925 720 835 1792 960 622 782 860 906 541 1077 1541 1012 659 665 1056 748 754 831 763 1558 1152 1092 760 1927 1733 915 989 447 594 843 1436 1004 1060 791 1587 734 1189 1673 1651 1283 1145 1008 881 1448 974 1564 1348 844 1415 1236 811 671 1367 1005 894 622 689 719 657 1814 1474 1018 1168 1357 1069 1140 1701 743 771 997 1021 974 870 1758 763 722 1318 772 1080 1420 1141 655 904 1101 431 1053 1361 854 884 1634 717 1043 1373 604 789 1522 1161 1464 1242 1124 1158 1297 609 1096 1301 972 923 930 1580 627 480 932 1105 586 792 972 1014 1206 1449 1310 1691 1327 1103 683 1293 776 896 1038 766 708 1115 641 833 693 514 1640 676 757 904 1297 1579 1475 801 1120 584 1616 1592 1117 1497 1481 1765 817 1647 775 886 538 541 1452 1358 1622 524 1668 1105 1313 811 675 1343 637 1241 1280 819 929 799 1364 985 614 678 1004 1577 1084 1075 1836 774 1176 892 827 753 918 1686 1255 753 1327 838 1006 1000 806 492 625 953 799 869 1555 800 1030 948 642 780 1329 1150 1683 1163 455 767 1428 1231 1639 1739 517 1400 670 760 1504 1664 888 820 1371 480 1318 1001 693 847 906 1609 1131 1529 1403 1161 776 685 615 1102 1477 800 1133 1538 695 1069 1286 796 1237 537 1209 1040 776 774 939 1497 746 598 844 1704 686 1389 1074 1378 1111 1902
907 2082 760 977 1460 1061 916 959 794 752 883 1040 852 1788 1782 1366 1079 1844 590 1275 1989 1769 1435 1494 1816 1483 1274 2022 1190 1268 1759 849 746 978 1500 1482 1380 959 1413 1467 1022 910 1251 801 1002 423 1944 1471 563 766 360 1172 1584 1424 734 1127 986 1899 1024 975 757 951 913 867 1406 1939 1399 858 528 1111 773 960 1047 927 1909 997 1276 1064 2014 1553 566 1273 804 590 1173 1817 605 1426 1010 1219 851 1577 1943 1952 1010 802 1193 746 1244 885 1432 1384 988 1035 895 1084 563 1694 762 1058 705 986 1062 1008 2108 1727 1325 1344 1652 725 1372 1621 489 983 712 1210 615 1216 2025 948 987 1571 972 1265 1826 1513 501 1181 952 757 1160 1768 1112 578 1439 972 897 1770 842 945 1857 1249 1598 1568 1445 1513 957 880 906 919 894 516 1071 1691 830 883 915 1071 991 731 1087 1132 1613 1856 1423 1968 1283 1335 1078 1680 995 594 1108 862 955 927 890 1027 917 613 1908 803 711 797 1477 1204 1386 991 1397 642 1970 1255 1325 1585 1581 2060 1203 1751 885 1086 851 809 1380 1187 1608 926 2035 1226 1242 1005 898 1378 1036 1283 1137 965 1318 1200 1308 1181 821 727 1410 1510 1292 745 1956 954 917 918 1194 963 608 1858 1444 969 1701 465 628 1407 1198 642 819 1133 1115 1116 1912 940 1235 1039 485 932 1391 744 1399 1387 849 767 1213 827 1926 1952 919 1806 985 960 1594 2046 1182 1210 1459 702 1608 996 579 1031 744 1726 1440 1677 1135 1096 982 483 521 1191 1503 1013 1228 1711 867 1270 1641 1158 1591 665 1472 1129 957 1120 797 1806 1153 981 1250 1442 1016 1207 1345 1664 1313 1931
594 1316 808 652 759 709 625 661 1355 1364 747 496 696 1042 1135 555 1061 1109 1068 476 1328 983 696 1808 1024 1234 466 1653 942 741 950 1577 1546 584 692 672 793 643 727 1112 1283 670 1239 798 611 1160 1181 1490 1227 835 1172 360 1131 833 1400 702 714 1446 860 573 1254 798 911 930 1226 1178 644 700 1014 916 869 646 615 704 1097 1217 765 481 1592 1717 1238 551 756 942 1063 1019 1365 622 614 1840 770 803 1206 1176 1444 1598 1357 1356 1499 1444 1511 1138 725 1701 1691 514 991 893 1208 702 846 551 476 933 1339 1021 551 828 886 1520 735 1570 1194 631 1463 713 1291 407 1291 674 572 872 649 754 1136 1166 1103 513 1177 800 846 1119 539 1184 1649 590 1138 1241 695 710 1051 938 1122 1362 649 700 1535 654 1216 1603 1029 1317 1324 1249 1061 796 1391 1051 751 953 796 812 1000 1165 1016 1222 1217 705 820 1233 619 1353 888 790 606 1590 653 649 648 960 1174 777 937 1029 927 1844 1388 658 668 1059 1158 1796 1425 1201 1174 1290 907 1317 772 644 685 723 1349 1388 1426 786 1224 858 1239 651 661 1137 792 1050 1296 722 593 613 1260 683 722 856 799 1447 726 1531 1475 677 1345 884 451 640 1209 1287 880 631 897 1202 1438 808 557 909 1064 1316 431 561 1099 731 695 821 1064 1198 1093 1521 1804 763 743 893 1496 1629 1166 1304 786 1190 547 653 1205 1246 471 545 1094 837 849 1451 992 665 1381 1269 1304 1164 1539 1618 638 1132 1013 899 1255 622 1526 1147 716 1392 1332 438 1292 867 762 864 676 994 1077 1022 682 849 767 1795 977 1427 636 909 1426 1629
991 1141 1413 1041 806 922 1171 1055 1940 1507 1433 1140 1186 1574 707 1142 1804 908 1620 1176 860 1441 883 1479 1447 633 1086 882 1710 759 1316 2072 1835 1108 1070 1185 1533 1070 1430 509 1979 1114 903 1439 1340 1612 1037 1008 1739 1461 1584 1131 360 668 1933 1470 993 690 919 1257 1855 1000 1034 1620 1997 1645 1312 1167 1427 836 1175 1066 993 1065 1289 1134 738 1112 829 1277 1507 948 1375 1400 1823 1420 1643 1201 1032 1810 1120 1365 969 1088 1385 2011 2086 1917 1242 2040 1078 643 986 1762 2098 1044 1388 1075 1328 928 1277 1154 1193 1670 1167 801 991 666 931 1938 767 988 1676 1050 1936 806 1530 1143 1018 1060 1109 773 1049 750 1727 1928 1602 983 1137 1395 786 1756 997 1447 1279 1109 1155 1941 1218 1040 1178 695 393 2132 1017 1158 1563 1213 1215 1712 1089 1663 2026 480 1728 1489 2020 930 1488 1213 865 820 1688 1749 520 1008 844 789 1579 1968 1045 1817 836 1097 1116 2135 1180 988 1127 1504 942 1180 1233 1177 573 1835 948 1020 880 1640 1339 1693 2172 465 429 1138 1677 549 1079 937 1286 1280 901 1147 781 1499 1453 724 913 1009 1146 650 1543 696 1084 1011 1314 1383 866 843 1214 1233 1527 906 766 1963 737 1049 1343 1025 1217 1068 1448 661 617 1068 1316 1542 1826 1541 1325 1449 1726 2037 1105 975 1323 1035 808 908 1537 1880 594 1773 1562 739 1402 1177 1266 1906 1021 815 1496 1841 1185 1060 462 1563 1021 1310 505 1383 906 2094 1368 974 1929 508 2075 474 1402 2244 1045 1621 1479 752 638 1022 2231 551 1136 2133 2094 1210 2056 1366 818 815 1047 1750 1201 1040 1453 1582 1536 1506 1713 1179 880 899 2171 867
769 1065 1176 819 516 722 929 836 1727 1447 1171 866 963 1289 718 834 1525 809 1411 869 925 1165 584 1618 1180 850 779 1185 1416 516 1053 1897 1733 860 778 885 1225 843 1122 699 1722 892 1002 1192 1061 1438 931 1194 1549 1220 1424 833 668 360 1740 1176 798 972 803 987 1634 842 923 1361 1698 1376 1004 949 1257 765 1015 840 754 860 1074 1137 510 837 1119 1458 1397 645 1132 1212 1535 1156 1537 896 795 1835 933 1068 903 962 1401 1866 1815 1713 1336 1825 1245 788 795 1748 1958 774 1220 834 1263 725 1086 894 910 1393 1092 683 683 459 707 1789 460 1222 1495 820 1766 573 1433 840 979 844 857 552 825 519 1435 1622 1411 695 1120 1160 670 1456 728 1335 1428 862 1115 1635 990 840 974 661 653 1829 717 863 1553 973 1190 1677 1019 1531 1767 780 1480 1226 1791 916 1209 1078 715 679 1382 1458 603 935 953 488 1291 1659 810 1647 746 922 874 1941 944 764 897 1292 868 985 1086 1082 455 1853 1108 800 574 1421 1133 1744 1892 755 723 1049 1380 848 899 705 1042 1048 1060 1226 1037 1229 1240 613 1007 787 918 790 1259 753 1142 818 1006 1081 991 605 995 1056 1219 1115 496 1810 1002 836 1331 903 915 840 1345 827 410 836 1041 1406 1686 1233 1023 1235 1480 1770 819 710 1102 844 553 771 1352 1628 726 1683 1667 431 1147 1026 1350 1811 913 890 1227 1541 920 837 756 1329 728 1007 681 1163 667 1861 1206 756 1731 798 1777 690 1453 2019 817 1435 1294 679 866 788 1972 681 928 1856 1787 912 1750 1161 531 711 833 1464 1120 857 1155 1306 1233 1629 1437 1264 572 691 1893 1175
1211 2352 952 1281 1748 1385 1183 1264 487 1067 1028 1286 1137 1909 2096 1579 1005 2128 694 1480 2303 1925 1709 1824 1976 1851 1506 2388 1184 1586 1946 544 850 1252 1731 1683 1467 1257 1539 1825 811 1207 1626 963 1171 689 2215 1843 553 925 734 1400 1933 1740 360 1229 1309 2255 1377 1187 555 1292 1273 898 1302 2062 1561 1151 868 1469 1119 1259 1346 1241 2121 1369 1598 1315 2376 1910 910 1542 1003 893 1105 1984 860 1621 1306 1446 1176 1734 2228 2214 1346 661 974 430 1600 534 1801 1750 1314 1255 730 1355 907 1932 1126 1380 1018 1239 1283 1007 2376 2021 1579 1670 1918 618 1673 1995 619 1280 496 1528 938 1435 2312 1255 1258 1863 1275 1586 1907 1464 691 1453 1325 963 1506 1830 1393 942 1792 1248 1270 1770 1114 1264 2088 1602 1943 1445 1688 1722 1247 1140 1275 1147 1267 758 844 2044 779 995 608 1442 1091 1094 1428 1473 1673 1935 1773 2248 1657 1636 1129 1651 1291 527 1462 1196 1234 562 1162 1336 1205 811 2194 1118 1068 1169 1804 1420 1760 1299 1672 701 2178 1524 1106 1943 1936 2327 1214 2107 1215 1395 1084 1061 1755 1552 1981 1027 2224 1569 1616 1313 1184 1744 1106 1647 1507 1289 1478 1337 1682 1495 1105 1059 1502 1885 1603 597 2309 1264 1265 1275 1390 1260 965 2193 1767 1264 1883 820 660 1494 1356 867 769 923 1359 1403 2116 1264 1546 1385 755 768 1752 907 1710 1693 1019 1120 1566 895 2199 2270 1022 1847 1226 1262 1951 2209 1443 1373 1816 941 1877 675 931 1344 396 2078 1308 2019 1467 731 1283 671 813 1543 1872 1312 934 2044 1172 1052 1553 1361 1507 939 1757 1479 1267 1084 1171 2061 1262 1030 1327 1765 990 1569 1624 1936 1089 2302
815 1586 733 880 1093 985 764 878 1150 1432 604 712 815 1042 1466 789 738 1412 941 701 1651 1058 1023 2013 1110 1550 775 1993 600 1074 1094 1414 1511 787 949 862 612 855 669 1440 993 846 1503 686 536 1089 1461 1762 1097 720 1127 702 1470 1176 1229 360 954 1788 1111 626 1048 1021 1113 692 888 1195 708 833 1013 1190 999 860 885 905 1284 1409 1097 732 1934 1962 1265 892 700 937 724 1120 1362 799 861 1929 931 870 1503 1442 1588 1485 1035 1171 1706 1223 1770 1448 966 1764 1573 801 1010 1142 1318 977 907 725 647 629 1606 1339 877 1165 1180 1413 1077 1862 1094 860 1326 1038 1324 702 1585 885 779 1200 873 1086 1060 860 1010 847 1360 741 1143 1001 845 1227 1878 790 1309 1030 786 926 1275 1246 1462 1032 937 907 1630 751 1377 1652 1214 1283 1025 1589 824 608 1149 1294 501 1071 1076 1105 846 1090 1348 1512 1492 1048 492 974 855 1237 1164 963 795 1393 780 909 818 874 1474 899 1042 1175 1269 1924 1659 897 1001 908 1336 1919 1090 1536 1511 1557 566 1658 957 934 709 759 1625 1603 1738 568 1368 1171 1500 899 814 1446 489 1351 1516 951 631 484 1534 1003 817 949 644 1736 1064 1414 1817 894 1481 1090 626 854 1259 1626 1222 848 1029 1195 1360 640 531 848 831 1002 727 868 1272 945 1026 1080 1002 926 1411 1510 1978 1105 644 1024 1694 1591 1448 1631 574 1042 692 868 1540 1341 809 551 1423 807 1151 1193 1025 928 1202 1611 964 1506 1700 1363 868 1040 973 1198 1572 872 1218 1488 869 1061 1024 624 980 862 1093 1149 894 659 1220 1288 394 566 487 1986 669 1640 975 1211 1093 1963
379 1471 785 434 846 436 563 437 1308 1059 830 614 556 1391 1156 880 1214 1225 989 827 1363 1317 838 1455 1353 985 771 1487 1171 641 1258 1461 1308 527 959 993 1125 460 1079 909 1356 487 909 818 784 1001 1333 1167 1117 835 986 714 993 798 1309 954 360 1322 516 691 1221 444 559 1005 1464 1521 998 536 819 598 582 455 463 432 1363 863 650 606 1454 1376 975 698 753 777 1255 1342 1113 957 461 1509 495 1149 1323 1349 1098 1428 1477 1288 1145 1408 1178 879 372 1387 1520 560 782 1125 885 432 651 588 681 1081 1498 1105 769 721 1053 1351 750 1270 1059 454 1329 584 1018 758 1404 434 535 951 440 640 1491 1455 978 619 823 765 578 1472 551 913 1301 524 788 1580 591 406 1289 687 1000 1618 891 1005 1207 597 869 1298 679 1098 1405 1110 1101 884 1386 705 916 655 497 539 1348 1519 838 1351 898 715 1024 1553 462 1210 574 486 519 1512 561 428 509 871 1288 550 656 697 855 1517 1064 418 799 1006 1426 1452 1577 1023 1008 1451 1149 1176 462 471 669 653 1031 1035 1163 905 1512 631 906 423 523 875 979 774 943 380 945 922 940 556 582 618 1138 1144 666 1372 1370 424 1003 532 794 460 929 1243 819 465 1215 973 1249 1145 878 816 1099 1424 644 539 1377 406 609 486 917 1255 856 1265 1449 763 791 597 1141 1388 1315 1327 901 1541 621 446 1030 1559 645 873 896 749 1008 1461 769 418 1303 1141 1533 1072 1187 1610 446 1000 858 629 1008 452 1608 1094 503 1532 1619 764 1574 734 860 569 423 1180 744 1213 952 996 1062 1440 1121 1074 746 1058 1573 1428
1321 1170 1743 1372 1082 1252 1501 1386 2267 1781 1762 1466 1516 1801 802 1428 2130 1011 1948 1477 813 1657 1161 1594 1652 817 1389 598 2029 1086 1521 2389 2124 1438 1328 1449 1827 1401 1715 792 2309 1444 1121 1769 1666 1931 1114 1117 2062 1792 1899 1446 690 972 2255 1788 1322 360 1238 1585 2183 1324 1346 1950 2311 1845 1595 1497 1747 1148 1496 1397 1323 1394 1441 1390 1066 1438 508 1359 1805 1257 1706 1724 2145 1621 1936 1477 1362 2018 1447 1619 1024 1176 1617 2316 2415 2242 1421 2367 1200 892 1315 2000 2402 1370 1708 1274 1611 1258 1603 1483 1517 1996 1190 956 1289 992 1135 2246 1072 1026 1997 1381 2252 1135 1822 1452 1032 1390 1438 1009 1379 1078 1964 2228 1926 1303 1405 1725 1112 2006 1323 1747 1399 1439 1434 2209 1549 1369 1330 1012 690 2440 1288 1415 1805 1543 1481 1967 1385 1967 2356 572 2058 1818 2349 1213 1814 1527 1192 1147 1958 1982 845 1060 1064 1100 1901 2251 1376 2134 1153 1423 1446 2457 1510 1319 1458 1832 1012 1507 1549 1478 879 2048 1100 1351 1168 1968 1478 1884 2498 674 678 1179 1993 508 1405 1267 1617 1611 1063 1348 833 1827 1592 1052 1132 1340 1477 899 1866 981 1307 1340 1609 1693 1068 1172 1544 1557 1817 1004 1088 2273 430 1380 1595 1341 1528 1399 1744 613 925 1398 1537 1850 2132 1832 1636 1777 2057 2366 1427 1302 1481 1363 1135 1231 1860 2211 871 2056 1710 1044 1732 1496 1453 2190 1104 777 1824 2094 1513 1391 665 1720 1339 1619 800 1712 1127 2424 1686 1305 2253 542 2390 643 1606 2572 1376 1944 1803 1072 805 1352 2561 684 1466 2460 2392 1524 2356 1694 1089 1136 1377 2073 1496 1191 1768 1908 1844 1639 2040 1371 1180 1097 2498 664
535 1506 909 591 896 514 714 592 1393 1004 973 769 689 1524 1145 1008 1356 1252 1077 968 1347 1440 911 1309 1471 856 902 1380 1324 661 1367 1513 1297 684 1062 1115 1280 616 1228 808 1477 632 752 949 939 1053 1370 1011 1184 960 1024 860 919 803 1377 1111 516 1238 360 846 1314 460 481 1138 1616 1648 1141 667 869 456 617 610 605 570 1451 735 657 760 1360 1220 962 802 886 849 1403 1457 1101 1087 616 1414 586 1282 1346 1395 988 1454 1609 1365 1001 1493 1021 750 504 1312 1543 706 830 1206 820 521 732 745 837 1225 1533 1126 877 707 1112 1380 790 1117 1119 611 1377 617 994 901 1422 586 692 984 597 651 1633 1611 1048 741 703 889 501 1619 685 900 1149 681 683 1734 725 547 1366 585 933 1772 991 1120 1121 741 763 1235 579 1109 1528 1028 1222 1025 1483 551 1066 655 452 484 1499 1661 759 1377 743 762 1176 1710 618 1258 445 556 675 1578 706 573 658 965 1312 647 673 639 832 1427 908 575 874 1103 1513 1341 1714 926 919 1489 1303 1090 545 582 810 783 875 888 1022 1050 1607 567 749 576 668 745 1130 643 796 520 1093 1078 784 610 707 682 1292 991 697 1405 1293 577 904 467 945 616 907 1198 807 622 1331 986 1270 1299 1032 914 1217 1554 793 666 1469 529 653 402 982 1375 740 1243 1314 793 930 617 1000 1373 1352 1308 1045 1690 778 602 934 1666 776 1027 798 859 1067 1562 808 555 1376 1062 1684 1014 1063 1702 603 1066 925 527 878 606 1727 1054 628 1667 1775 916 1730 828 913 465 576 1328 677 1272 1109 1142 1219 1299 1263 928 825 1109 1709 1308
551 1527 596 617 948 730 498 614 1143 1215 545 480 556 1186 1319 757 906 1315 856 662 1519 1155 895 1751 1202 1303 679 1774 840 858 1144 1364 1357 525 904 869 831 590 823 1206 1096 580 1237 586 453 956 1392 1497 1015 622 975 573 1257 987 1187 626 691 1585 846 360 1043 755 848 735 1134 1333 787 572 826 929 746 595 635 639 1303 1147 879 510 1726 1696 1067 734 544 751 934 1202 1184 811 604 1706 668 964 1413 1388 1340 1390 1190 1144 1443 1234 1504 1199 703 1552 1483 575 810 1105 1080 722 679 467 456 772 1551 1218 756 953 1095 1313 898 1601 986 598 1252 811 1124 609 1497 620 520 1064 610 867 1249 1126 894 656 1100 589 891 1210 622 1019 1613 527 1050 1279 534 660 1262 998 1255 1287 861 904 1402 493 1122 1447 952 1125 1140 1378 860 599 1185 1028 593 824 819 852 1067 1279 1120 1430 1229 863 695 1236 596 1144 904 699 531 1377 516 654 552 750 1380 644 799 922 1073 1705 1394 636 863 846 1363 1681 1275 1310 1289 1502 818 1446 691 689 485 533 1362 1339 1487 602 1422 928 1234 639 549 1196 653 1098 1251 686 710 624 1270 774 567 707 852 1475 858 1323 1622 629 1235 824 578 590 1048 1454 1028 585 1086 1017 1236 855 600 701 862 1143 540 642 1303 679 810 818 860 1004 1167 1339 1723 924 532 771 1433 1439 1377 1492 600 1266 434 604 1315 1430 632 606 1190 633 1057 1249 818 672 1168 1403 1205 1310 1448 1413 606 924 813 946 1325 615 1345 1308 606 1235 1289 543 1244 672 954 893 629 859 968 1234 629 684 742 1727 815 1376 821 1117 1273 1731
1110 2210 820 1180 1623 1294 1066 1164 462 1142 869 1152 1033 1724 1985 1422 810 1997 598 1323 2189 1747 1577 1891 1799 1806 1359 2335 989 1485 1776 734 999 1135 1578 1521 1279 1153 1358 1760 644 1106 1612 817 1012 695 2075 1848 561 782 757 1254 1855 1634 555 1048 1221 2183 1314 1043 360 1221 1226 716 1113 1876 1389 1050 832 1410 1061 1157 1240 1150 1957 1379 1499 1182 2311 1947 961 1412 868 828 910 1808 956 1458 1199 1572 1096 1557 2096 2069 1407 852 816 487 1639 552 1816 1701 1228 1381 925 1231 869 1781 1156 1289 942 1111 1138 814 2233 1897 1440 1574 1779 798 1559 1992 629 1176 682 1429 1004 1284 2180 1158 1139 1740 1173 1488 1715 1270 648 1326 1331 835 1432 1637 1273 975 1834 1132 1273 1574 1004 1175 1931 1535 1861 1261 1542 1562 1340 1021 1294 1267 1245 847 687 1971 588 828 530 1412 914 1058 1350 1396 1480 1743 1698 2113 1635 1521 941 1456 1184 652 1399 1122 1120 705 1049 1235 1097 711 2062 1035 1027 1153 1707 1550 1757 1200 1542 575 2013 1631 951 1878 1866 2184 1020 2036 1138 1292 956 945 1745 1576 1953 854 2053 1491 1604 1213 1077 1696 922 1595 1519 1203 1307 1162 1665 1393 1003 993 1315 1875 1498 784 2232 1168 1314 1222 1233 1156 1005 2097 1666 1159 1712 861 806 1306 1187 765 579 760 1221 1287 1949 1179 1442 1315 714 580 1695 1042 1792 1581 870 1069 1609 1058 2060 2159 850 1652 1092 1161 1885 2030 1311 1205 1749 833 1740 611 897 1246 522 2003 1125 1932 1531 749 1179 645 761 1475 1828 1207 831 1948 1078 896 1363 1206 1317 849 1631 1410 1171 888 1166 1915 1082 845 1140 1838 795 1598 1497 1800 937 2259
451 1531 809 509 909 491 619 505 1303 986 874 691 589 1475 1196 964 1256 1281 984 911 1401 1401 909 1373 1436 956 855 1474 1228 688 1340 1435 1252 599 1039 1076 1203 529 1160 899 1378 536 843 849 847 974 1393 1104 1099 860 951 798 1000 842 1292 1021 444 1324 460 755 1221 360 475 1037 1520 1605 1082 567 789 556 538 524 547 475 1441 779 691 686 1450 1302 916 777 785 760 1304 1425 1056 1041 543 1427 487 1233 1379 1413 1014 1389 1508 1277 1064 1403 1108 849 435 1309 1480 644 750 1200 808 492 639 659 757 1125 1558 1158 849 755 1121 1313 808 1214 1037 530 1301 634 955 842 1457 496 609 1008 514 683 1574 1521 962 701 739 789 573 1554 634 854 1224 595 704 1657 625 455 1364 673 1010 1677 970 1088 1127 643 785 1224 595 1050 1428 1112 1122 925 1389 633 969 596 496 541 1428 1603 840 1407 839 775 1080 1626 541 1181 540 459 586 1495 609 512 563 871 1344 548 605 620 887 1437 1001 499 870 1008 1503 1369 1613 1016 1006 1513 1210 1176 445 547 710 683 970 955 1123 951 1592 636 840 506 571 844 1034 742 864 435 1027 997 880 614 607 593 1217 1089 718 1336 1376 489 920 448 876 530 866 1267 856 537 1298 925 1207 1224 955 818 1118 1453 727 621 1455 435 665 453 897 1275 835 1204 1365 817 830 545 1059 1331 1376 1363 946 1622 690 515 1024 1641 729 952 888 760 1075 1466 732 500 1289 1146 1586 1088 1103 1609 523 981 839 613 978 535 1628 1119 528 1567 1684 844 1638 733 924 548 489 1230 665 1281 1021 1043 1133 1357 1163 993 818 1122 1608 1406
559 1623 856 620 1007 598 710 613 1299 886 942 799 663 1590 1267 1079 1316 1370 988 1026 1469 1516 1015 1266 1551 941 971 1475 1309 776 1454 1402 1176 704 1152 1191 1308 634 1271 914 1410 628 773 903 937 946 1487 1030 1082 906 913 911 1034 923 1273 1113 559 1346 481 848 1226 475 360 1088 1596 1720 1196 642 765 558 526 630 663 575 1550 667 775 797 1463 1210 841 890 843 757 1373 1540 980 1157 656 1314 545 1348 1465 1510 899 1337 1551 1267 957 1399 1025 837 550 1202 1425 758 726 1308 704 601 654 761 863 1190 1650 1245 963 828 1222 1264 903 1154 1014 641 1266 728 872 956 1542 601 714 1100 623 768 1687 1611 950 816 625 836 622 1666 750 779 1124 699 589 1761 696 562 1471 698 1050 1756 1082 1203 1016 724 670 1121 479 990 1461 1139 1156 989 1396 558 1047 541 567 604 1536 1716 874 1496 781 873 1160 1724 652 1147 558 511 687 1473 693 628 657 884 1431 593 565 519 953 1325 929 613 977 1020 1613 1253 1663 1032 1028 1606 1294 1198 516 660 782 744 905 851 1089 1020 1703 688 767 621 659 831 1112 733 762 549 1139 1101 817 714 670 599 1324 1030 810 1289 1403 596 806 387 987 637 785 1317 929 645 1413 868 1152 1330 1062 838 1151 1494 840 736 1566 541 762 512 883 1307 839 1122 1252 908 895 517 950 1252 1469 1429 1014 1731 790 622 1041 1755 844 1060 906 793 1177 1476 702 615 1275 1174 1659 1132 988 1609 634 965 829 643 962 649 1657 1174 604 1614 1772 954 1725 753 1023 585 597 1300 560 1383 1117 1112 1230 1247 1225 888 926 1221 1657 1393
875 1878 591 943 1321 1066 810 932 817 1233 550 855 810 1371 1694 1080 596 1679 645 982 1893 1391 1265 1912 1442 1630 1030 2129 683 1226 1422 1083 1231 871 1240 1173 929 914 1002 1552 721 877 1501 548 678 815 1747 1757 784 541 867 930 1620 1361 898 692 1005 1950 1138 735 716 1037 1088 360 912 1524 1034 832 813 1233 929 918 987 935 1606 1330 1244 885 2088 1912 1048 1107 612 754 675 1452 1113 1110 948 1721 914 1201 1776 1736 1446 1166 832 838 1623 894 1745 1523 1015 1540 1251 947 829 1441 1168 1059 802 828 822 500 1900 1589 1120 1320 1453 1098 1274 1882 798 932 1002 1175 1106 953 1860 931 871 1437 936 1233 1373 1005 731 1031 1279 611 1223 1301 993 1028 1812 870 1220 1272 775 961 1586 1332 1620 1077 1211 1215 1441 770 1270 1425 1153 1017 767 1740 495 496 828 1286 560 970 1143 1184 1143 1401 1474 1790 1508 1238 593 1174 935 924 1213 946 864 1061 805 994 858 634 1744 857 935 1082 1445 1709 1657 965 1234 600 1660 1740 936 1663 1645 1851 701 1808 953 1043 696 715 1634 1536 1801 506 1698 1271 1495 974 842 1519 567 1416 1459 992 953 807 1545 1137 790 859 964 1758 1229 1094 1990 942 1340 1073 893 916 1063 1828 1400 915 1357 958 1060 956 835 645 501 779 913 1012 1597 974 1178 1123 749 629 1501 1245 1847 1299 577 948 1602 1305 1732 1867 504 1326 801 925 1669 1674 1007 854 1538 659 1418 883 854 1010 870 1768 959 1680 1569 1051 938 756 747 1274 1652 958 972 1682 870 889 1136 871 1087 712 1326 1213 944 615 1115 1581 726 493 790 1872 514 1567 1194 1479 931 2073
1325 2007 1120 1391 1602 1504 1262 1386 1180 1784 1015 1236 1295 1245 1965 1267 687 1877 1176 1199 2136 1342 1526 2458 1391 2075 1285 2520 653 1603 1439 1461 1737 1300 1410 1297 889 1363 1018 1968 867 1344 2003 1066 1041 1348 1900 2263 1274 1077 1406 1226 1997 1698 1302 888 1464 2311 1616 1134 1113 1520 1596 912 360 1373 1125 1316 1366 1703 1453 1369 1407 1406 1641 1866 1626 1259 2458 2442 1597 1413 1118 1305 596 1416 1648 1245 1378 2266 1412 1210 1958 1867 1998 1604 758 1232 2163 1197 2262 1972 1476 2081 1671 1328 1381 1573 1720 1496 1335 1241 1173 780 2023 1825 1387 1693 1648 1552 1598 2374 1313 1373 1435 1566 1653 1218 2035 1391 1294 1700 1384 1614 1155 570 1265 1375 1815 1138 1665 1056 1372 1580 2347 1302 1758 895 1260 1429 1670 1770 1988 524 1420 1343 1992 1237 1814 1965 1680 1545 854 2115 939 972 1097 1789 911 1507 1593 1626 935 1174 1876 1959 2000 1571 800 751 1370 1398 1678 1445 1305 1379 1271 1428 1318 1186 1933 1365 1473 1619 1793 2251 2161 1411 1511 1124 1677 2291 705 2064 2039 1977 681 2184 1445 1458 1174 1213 2131 2070 2261 937 1666 1696 1999 1414 1309 1969 846 1872 1988 1457 1081 978 2040 1531 1286 1388 916 2247 1591 1537 2337 1401 1892 1576 1142 1364 1615 2136 1746 1359 1376 1504 1550 899 1035 1196 951 778 1255 1396 1615 1447 1554 1591 1296 894 1937 1766 2398 1627 1063 1475 2145 1803 1890 2122 943 1028 1207 1377 2069 1588 1336 1052 1951 1198 1628 1087 1406 1446 1266 2136 441 2028 2119 1224 1381 1286 1299 1720 2097 1389 945 2004 1355 718 610 1147 566 1254 1599 1667 1401 662 1656 1723 904 846 830 2422 757 2103 1492 1684 719 2491
1409 1193 1539 1466 1220 1493 1435 1478 1975 2179 1423 1310 1507 513 1404 1001 1481 1211 1773 1061 1478 572 1157 2587 557 1865 1109 2084 1279 1410 689 2247 2324 1402 967 893 957 1460 888 1713 1758 1489 1982 1503 1297 1910 1151 2202 1931 1541 1939 1178 1645 1376 2062 1195 1521 1845 1648 1333 1876 1605 1720 1524 1373 360 906 1514 1799 1676 1686 1463 1417 1521 794 2020 1429 1299 1984 2457 2041 1209 1494 1722 1406 585 2157 923 1427 2658 1588 735 1241 1092 2259 2319 1728 2001 2284 2039 2244 1800 1530 2517 2408 1324 1784 934 2026 1488 1649 1362 1263 1427 1195 1249 1134 1447 1078 2246 1304 2238 1923 1447 2161 1422 2097 1131 1286 1491 1390 1231 1465 1425 590 1173 1836 1267 1984 1541 1583 689 1330 1991 2410 1408 1949 919 1497 1525 890 1637 1618 1392 1037 892 2353 1454 2029 2416 1840 2093 1774 1726 1648 1440 1954 1829 1336 1771 1565 1562 800 582 1619 1220 1944 1308 1295 1048 1434 2071 1648 1608 1424 2216 1462 1452 1465 1693 1235 1591 1753 1847 1450 2662 2110 1469 1180 1743 788 2612 1712 1748 1712 1165 1238 1778 1589 1427 1458 1507 2064 2170 2050 1402 714 1562 1985 1460 1476 1803 1316 1748 2079 1532 983 1101 1985 1412 1528 1668 921 2130 1374 2248 1835 1493 2162 1693 1123 1457 2018 1599 1419 1449 694 1990 2187 931 1100 1656 1657 1721 1249 1345 752 1545 1387 1605 1817 1720 1741 2312 2602 1323 1451 1711 2287 2406 1151 1488 1408 752 1347 1470 1746 592 1236 1090 1695 1598 1098 1982 1791 1465 2034 1724 1443 1601 2347 2147 1453 1866 1778 1624 1881 1433 1927 1532 1533 1713 1261 1160 1259 1643 1204 1615 1491 1386 1895 1021 1163 1391 1096 2583 1455 2210 1213 1114 1725 2123
877 1256 1003 936 874 987 890 945 1491 1633 898 767 961 763 1212 530 1073 1112 1250 532 1373 731 794 2090 779 1466 609 1821 895 968 747 1745 1783 862 647 532 600 925 479 1328 1339 948 1510 973 760 1374 1140 1753 1411 1012 1399 644 1312 1004 1561 708 998 1595 1141 787 1389 1082 1196 1034 1125 906 360 970 1254 1189 1144 929 897 987 936 1502 991 761 1744 1990 1494 745 955 1178 1035 784 1612 482 899 2117 1049 537 1194 1113 1727 1797 1364 1507 1781 1568 1781 1379 1009 1972 1888 798 1238 813 1485 980 1102 818 717 976 1274 1065 685 1037 884 1722 907 1820 1394 915 1647 958 1550 600 1273 957 850 954 933 983 852 1002 1304 767 1461 1002 1109 841 816 1444 1927 868 1421 992 950 994 932 1188 1295 1227 669 579 1812 907 1500 1869 1314 1551 1368 1420 1169 926 1497 1331 834 1228 1070 1079 741 881 1229 1197 1482 893 837 1016 903 1548 1160 1071 883 1734 916 932 923 1160 1168 1047 1209 1310 1098 2119 1654 943 792 1227 988 2078 1398 1399 1367 1226 850 1486 1054 920 912 960 1612 1669 1659 895 1024 1108 1510 935 933 1379 838 1302 1577 1007 443 587 1525 936 982 1122 583 1700 940 1727 1610 961 1627 1168 577 923 1471 1394 1055 914 682 1445 1654 599 566 1119 1175 1338 715 835 924 1015 930 1100 1279 1274 1328 1767 2088 934 918 1169 1779 1865 1129 1361 900 917 801 936 1401 1012 728 551 1310 1056 867 1542 1244 947 1537 1433 1206 1315 1823 1712 922 1335 1237 1158 1485 906 1555 1275 991 1378 1160 614 1129 1099 866 1132 960 984 1358 963 674 913 672 2078 1014 1709 794 921 1404 1819
420 1584 608 490 964 605 440 474 1140 1025 666 565 381 1373 1305 894 1048 1348 822 815 1512 1323 937 1540 1365 1157 791 1663 1027 796 1289 1312 1215 482 1011 1012 1043 466 1024 1085 1180 416 1047 644 657 861 1445 1307 961 659 858 700 1167 949 1151 833 536 1497 667 572 1050 567 642 832 1316 1514 970 360 691 761 536 468 555 464 1423 935 810 580 1630 1492 899 775 579 631 1097 1360 1029 963 516 1507 458 1139 1448 1453 1130 1299 1304 1124 1233 1239 1306 1050 545 1363 1392 586 662 1199 876 599 514 512 613 918 1610 1236 829 884 1153 1221 883 1421 911 489 1185 739 951 747 1531 468 493 1078 483 798 1449 1329 824 682 888 589 754 1416 613 843 1406 476 838 1492 417 490 1364 862 1172 1475 952 1036 1202 442 910 1262 741 991 1229 1285 925 717 1213 833 765 619 672 716 1277 1479 1014 1472 1046 846 878 1447 500 1067 741 490 459 1352 416 545 419 703 1413 437 599 711 1017 1509 1204 510 898 835 1485 1474 1407 1199 1184 1562 1011 1352 488 604 503 477 1176 1130 1329 744 1559 807 1042 522 400 1046 831 944 1043 520 900 834 1086 705 407 515 1062 1296 812 1237 1544 477 1026 621 752 469 868 1407 978 473 1237 870 1127 1066 804 647 922 1250 633 618 1430 501 755 651 769 1079 1030 1185 1511 902 622 562 1221 1298 1428 1478 738 1475 530 471 1206 1586 687 806 1072 577 1109 1287 658 556 1141 1316 1381 1241 1236 1438 491 849 712 803 1179 521 1432 1258 399 1361 1490 716 1443 572 976 741 480 1023 758 1308 839 836 954 1515 955 1166 846 1165 1402 1603
739 1914 640 808 1291 895 752 790 897 786 770 879 686 1651 1615 1209 1045 1675 603 1121 1822 1622 1267 1468 1667 1345 1113 1881 1118 1100 1603 1006 892 812 1337 1326 1261 791 1280 1317 1056 742 1139 691 867 544 1775 1376 676 665 528 1014 1427 1257 868 1013 819 1747 869 826 832 789 765 813 1366 1799 1254 691 360 960 612 792 878 758 1748 914 1109 901 1867 1492 612 1106 674 437 1129 1666 718 1272 842 1282 683 1431 1774 1784 994 971 1216 862 1191 996 1348 1243 821 1111 1064 917 399 1529 719 891 537 824 907 949 1940 1559 1159 1178 1484 894 1203 1519 609 814 872 1043 671 1058 1856 779 821 1402 803 1099 1701 1444 547 1014 864 631 1001 1650 944 579 1384 806 805 1676 680 777 1693 1095 1439 1530 1281 1355 992 719 837 999 773 662 1108 1537 823 785 1002 942 888 589 925 971 1498 1731 1267 1799 1163 1167 988 1598 827 752 954 696 789 1069 725 859 750 540 1739 634 561 680 1312 1274 1284 822 1228 648 1810 1289 1342 1435 1428 1892 1122 1599 719 918 701 654 1272 1116 1484 829 1878 1066 1131 837 731 1237 942 1139 1052 798 1175 1069 1193 1013 656 560 1289 1402 1124 913 1802 786 890 767 1043 794 613 1696 1278 801 1548 550 796 1288 1060 534 814 1157 953 948 1753 772 1066 879 479 956 1244 873 1395 1219 728 611 1166 975 1758 1786 822 1695 827 792 1443 1895 1017 1069 1308 566 1440 1083 424 863 869 1572 1411 1517 1118 1207 814 559 435 1036 1366 845 1288 1548 698 1289 1585 1007 1536 515 1303 972 789 1066 696 1639 1035 901 1140 1424 968 1142 1176 1495 1332 1797
617 1469 1005 671 881 569 801 676 1488 1053 1065 842 783 1559 1088 1044 1449 1213 1172 1017 1285 1465 909 1271 1493 760 942 1284 1409 645 1382 1601 1365 763 1077 1143 1345 699 1283 716 1574 722 683 1044 1022 1143 1336 936 1276 1056 1111 916 836 765 1469 1190 598 1148 456 929 1410 556 558 1233 1703 1676 1189 761 960 360 711 693 669 660 1448 735 634 827 1267 1161 1033 826 980 943 1493 1476 1170 1123 689 1431 683 1318 1304 1367 998 1535 1704 1459 969 1588 955 653 586 1344 1622 767 921 1202 869 577 828 824 909 1317 1496 1086 902 665 1096 1462 774 1032 1210 690 1464 617 1060 953 1376 672 771 954 678 632 1677 1689 1142 781 715 985 459 1670 737 972 1099 761 711 1797 819 635 1357 501 853 1857 1005 1144 1148 832 785 1276 623 1187 1624 940 1318 1118 1580 518 1154 739 479 473 1557 1704 676 1337 664 753 1262 1780 694 1345 388 653 758 1669 796 641 746 1062 1270 743 761 703 776 1448 833 652 876 1199 1510 1345 1808 835 829 1454 1387 1000 641 632 902 878 797 855 928 1141 1609 512 682 651 758 648 1217 546 764 606 1149 1147 706 624 802 777 1354 906 683 1487 1205 662 926 553 1005 698 975 1123 759 703 1351 1066 1350 1363 1099 1011 1314 1649 854 715 1469 620 653 472 1075 1471 645 1306 1293 770 1023 708 974 1438 1318 1244 1136 1744 858 685 843 1678 820 1092 708 955 1052 1658 898 623 1468 975 1771 936 1058 1797 682 1158 1019 451 781 678 1824 983 723 1762 1854 979 1810 925 898 421 661 1418 733 1253 1185 1233 1293 1268 1355 895 832 1087 1803 1211
531 1694 699 597 1068 654 617 581 1137 857 799 737 550 1547 1371 1057 1162 1447 823 985 1578 1492 1057 1376 1532 1105 951 1635 1173 859 1449 1258 1086 644 1160 1174 1217 593 1201 1066 1244 558 934 750 824 797 1555 1188 926 748 773 869 1175 1015 1119 999 582 1496 617 746 1061 538 526 929 1453 1686 1144 536 612 711 360 591 665 540 1570 775 865 747 1617 1348 754 907 695 593 1225 1525 892 1130 638 1332 461 1311 1546 1570 954 1211 1387 1108 1073 1237 1175 1000 581 1193 1303 734 573 1337 700 652 489 686 790 1039 1720 1327 971 931 1273 1136 972 1317 861 612 1123 803 800 916 1626 568 656 1173 596 856 1626 1486 790 819 724 679 749 1593 746 694 1254 638 670 1664 573 549 1502 843 1187 1616 1095 1194 1027 612 738 1096 586 876 1295 1285 991 841 1231 722 912 444 674 719 1453 1656 1014 1573 947 937 1026 1613 626 1004 703 456 622 1321 592 637 581 717 1511 461 435 536 1064 1336 1089 605 1017 854 1633 1298 1502 1184 1177 1673 1162 1347 480 691 651 604 1068 976 1256 876 1713 813 927 618 571 994 977 894 895 561 1076 1010 981 778 541 432 1238 1195 886 1158 1550 570 850 520 927 596 712 1445 1032 605 1400 751 1030 1241 981 671 985 1330 798 742 1580 537 831 627 724 1141 996 1045 1339 984 751 385 1058 1167 1537 1540 870 1651 706 587 1192 1749 834 983 1056 631 1228 1310 554 635 1118 1319 1512 1265 1062 1446 608 808 668 783 1126 636 1490 1297 513 1452 1642 891 1595 587 1082 719 573 1153 582 1432 1009 967 1123 1347 1071 1010 964 1279 1495 1558
316 1482 706 385 859 507 470 378 1248 1088 739 528 483 1328 1197 828 1122 1243 930 763 1403 1265 837 1536 1303 1077 721 1570 1075 688 1218 1420 1306 435 928 945 1039 365 1001 993 1274 412 1002 734 689 966 1343 1262 1069 754 960 646 1066 840 1259 860 455 1397 610 595 1157 524 630 918 1369 1463 929 468 792 693 591 360 447 417 1339 937 702 528 1532 1466 981 679 670 737 1161 1295 1115 902 410 1556 490 1089 1343 1353 1158 1402 1390 1232 1227 1346 1270 971 467 1423 1496 503 759 1109 925 500 615 495 593 988 1508 1129 741 777 1054 1325 775 1365 1018 382 1292 632 1029 692 1425 388 445 972 377 691 1419 1360 932 589 894 688 666 1395 516 922 1388 431 852 1493 512 429 1274 775 1070 1523 865 963 1251 508 930 1328 746 1086 1322 1185 1021 794 1318 796 821 675 588 626 1266 1448 916 1367 993 738 929 1462 396 1174 669 504 424 1461 473 439 421 812 1308 519 665 743 910 1561 1159 406 797 942 1402 1510 1486 1104 1087 1460 1053 1253 485 496 582 574 1126 1118 1256 812 1481 712 1000 416 440 968 884 867 1028 451 869 833 1034 597 514 600 1054 1239 704 1342 1441 395 1059 604 717 366 943 1300 870 374 1170 963 1228 1060 792 755 1019 1338 574 517 1349 450 647 582 876 1174 945 1271 1522 794 702 614 1220 1388 1326 1370 808 1461 527 368 1111 1518 602 790 979 684 1009 1390 752 452 1250 1215 1438 1137 1254 1544 383 957 818 719 1099 413 1526 1151 453 1443 1524 684 1479 680 871 661 394 1086 791 1210 859 903 969 1518 1029 1156 745 1064 1483 1515
379 1397 785 430 773 460 539 448 1333 1155 801 533 569 1288 1109 776 1178 1156 1016 726 1316 1214 753 1553 1249 1028 668 1504 1113 605 1156 1507 1388 475 859 889 1036 449 982 931 1346 499 991 807 726 1054 1258 1246 1157 831 1047 615 993 754 1346 885 463 1323 605 635 1240 547 663 987 1407 1417 897 555 878 669 665 447 360 485 1267 965 621 518 1461 1465 1058 602 744 824 1209 1239 1195 854 400 1611 565 1046 1256 1269 1201 1489 1455 1319 1244 1430 1262 925 472 1485 1583 460 845 1032 985 452 702 528 601 1044 1422 1041 669 696 970 1412 688 1338 1106 426 1379 550 1105 657 1338 460 477 884 434 609 1390 1382 1020 517 927 768 618 1374 447 999 1394 476 892 1489 595 477 1197 723 994 1557 793 903 1308 582 972 1395 782 1170 1393 1113 1096 857 1399 797 868 745 551 579 1253 1418 848 1281 973 650 970 1470 416 1261 642 570 483 1548 551 395 503 898 1221 604 740 797 827 1618 1143 420 714 1026 1330 1556 1546 1038 1019 1375 1087 1181 547 415 654 655 1106 1132 1214 870 1414 652 989 406 523 922 928 826 1041 476 848 838 1016 514 601 684 1047 1212 618 1430 1365 455 1106 635 699 446 1017 1217 786 442 1113 1047 1314 1055 790 841 1095 1405 548 438 1279 493 561 567 964 1248 892 1349 1551 706 769 684 1241 1469 1240 1283 867 1444 561 446 1044 1457 542 783 916 768 925 1471 836 410 1337 1141 1479 1057 1290 1626 424 1045 906 673 1050 394 1598 1068 540 1504 1548 671 1504 768 785 624 452 1135 845 1128 878 957 984 1540 1086 1172 661 979 1544 1457
352 1520 713 417 895 504 503 403 1238 1034 764 584 485 1386 1218 884 1148 1277 918 820 1426 1322 878 1481 1360 1054 777 1559 1114 705 1272 1396 1262 488 980 1000 1093 421 1057 981 1284 421 959 747 731 938 1381 1219 1049 763 927 704 1065 860 1241 905 432 1394 570 639 1150 475 575 935 1406 1521 987 464 758 660 540 417 485 360 1390 881 716 585 1526 1417 933 726 683 711 1193 1351 1070 959 458 1499 440 1146 1377 1394 1100 1370 1408 1219 1172 1337 1224 947 440 1367 1463 558 724 1157 868 499 585 546 648 1016 1546 1160 791 788 1095 1293 805 1328 994 434 1266 647 980 750 1458 389 499 1004 417 705 1476 1406 911 639 837 694 649 1452 566 874 1336 483 795 1546 520 386 1322 758 1071 1562 915 1018 1195 531 873 1274 689 1046 1334 1182 1030 817 1314 748 855 622 568 611 1321 1506 910 1402 953 768 966 1512 448 1147 639 448 472 1444 496 461 448 800 1342 485 615 686 923 1505 1116 425 839 935 1453 1452 1509 1095 1080 1499 1094 1248 428 519 602 582 1085 1065 1228 840 1534 703 955 440 457 943 919 841 975 416 926 886 994 616 510 560 1109 1201 726 1311 1442 390 1001 549 774 423 893 1312 885 432 1226 922 1193 1114 846 744 1027 1354 632 562 1401 401 668 549 852 1183 926 1224 1466 820 723 561 1165 1344 1364 1391 835 1517 576 411 1102 1573 656 845 968 678 1050 1389 713 464 1234 1213 1473 1142 1197 1539 429 934 793 699 1076 456 1536 1162 431 1464 1569 740 1523 664 908 637 393 1118 734 1253 906 932 1019 1462 1055 1103 786 1103 1505 1498
1279 765 1538 1332 931 1312 1356 1348 2059 2062 1453 1229 1424 816 1000 906 1645 791 1797 1002 1048 676 900 2333 639 1540 995 1678 1457 1163 562 2302 2278 1300 772 797 1126 1338 1005 1386 1914 1380 1716 1519 1309 1897 718 1902 1958 1558 1909 1097 1289 1074 2121 1284 1363 1441 1451 1303 1957 1441 1550 1606 1641 794 936 1423 1748 1448 1570 1339 1267 1390 360 1820 1175 1207 1572 2169 1959 1025 1487 1679 1598 606 2092 859 1292 2504 1469 796 809 658 2078 2334 1930 2071 2046 2140 1957 1496 1369 2390 2427 1199 1723 605 1889 1309 1576 1284 1211 1552 772 856 958 1166 729 2257 1035 1911 1929 1318 2194 1196 2009 1055 852 1362 1290 893 1334 1176 979 1470 1838 1111 1794 1533 1349 1058 1184 1902 2142 1306 1773 1297 1428 1384 471 1370 1258 1704 834 759 2207 1389 1854 2302 1666 2051 1943 1349 1741 1489 2072 1607 1406 1652 1359 1340 1096 985 1303 786 1668 1055 1413 1398 1304 2087 1423 1477 1324 2301 1383 1298 1365 1694 806 1493 1644 1700 1124 2516 1821 1327 936 1781 422 2431 1949 1394 1358 736 1412 1394 1455 1254 1422 1460 1773 1934 1709 1463 526 1308 1721 1314 1382 1499 1414 1468 1847 1381 1014 1162 1705 1200 1453 1576 1094 1815 1124 2266 1422 1360 1994 1525 1091 1335 1923 1189 1106 1327 626 1933 2176 1110 1130 1645 1747 1908 1155 1189 401 1400 1159 1409 1801 1851 1433 2248 2375 1044 1463 1591 2057 2361 719 1062 1467 1141 1284 1343 1391 639 1098 1112 1370 1574 767 2118 1721 1305 2099 1341 1720 1223 2146 2288 1322 1867 1750 1376 1551 1294 2125 1145 1428 1936 1596 1122 1581 1604 913 1388 1357 1554 1746 612 1250 1489 1237 2342 1590 1973 985 753 1958 1732
867 1837 1107 927 1255 887 1010 920 1429 756 1214 1106 953 1893 1437 1379 1566 1581 1157 1331 1623 1813 1280 964 1846 933 1272 1455 1588 1019 1742 1453 1110 1010 1437 1488 1613 941 1578 987 1610 932 642 1160 1233 1051 1707 834 1198 1152 997 1217 1134 1137 1369 1409 863 1390 735 1147 1379 779 667 1330 1866 2020 1502 935 914 735 775 937 965 881 1820 360 1009 1104 1475 942 830 1177 1108 946 1635 1832 938 1457 963 1058 838 1651 1669 1739 624 1337 1767 1383 658 1523 796 862 853 989 1412 1063 882 1575 609 892 891 1066 1169 1449 1864 1454 1252 1037 1471 1277 1148 987 1123 948 1319 984 826 1262 1738 908 1021 1328 931 1006 1994 1900 1091 1113 411 1088 834 1973 1051 788 841 1005 470 2065 983 869 1731 845 1160 2030 1366 1495 790 1017 459 940 554 1000 1661 1208 1369 1254 1545 581 1327 720 823 839 1843 2023 995 1704 692 1125 1441 2023 959 1213 757 808 993 1552 990 930 960 1081 1636 871 755 608 1135 1077 754 919 1244 1201 1882 971 1889 1089 1100 1824 1577 1251 819 953 1064 1019 756 565 1006 1290 1979 884 632 926 959 855 1392 799 499 855 1446 1405 701 983 952 837 1630 883 1057 1309 1456 903 569 694 1294 944 769 1435 1126 952 1706 909 1161 1635 1368 1051 1361 1707 1147 1035 1840 848 1021 777 1027 1509 900 1036 946 1145 1165 751 645 1169 1689 1579 1284 2038 1094 929 1098 2041 1144 1367 988 1032 1427 1627 854 916 1381 1246 1923 1247 688 1734 941 1094 989 817 948 955 1841 1310 901 1837 2057 1261 2010 978 1273 793 904 1564 578 1628 1415 1380 1529 941 1479 597 1197 1462 1880 1344
629 1208 1046 679 606 574 800 695 1590 1301 1056 761 826 1325 866 827 1425 955 1272 832 1073 1217 640 1527 1239 836 744 1258 1336 383 1121 1752 1583 734 822 907 1189 706 1101 707 1605 753 914 1067 962 1292 1072 1136 1405 1092 1276 765 738 510 1598 1097 650 1066 657 879 1499 691 775 1244 1626 1429 991 810 1109 634 865 702 621 716 1175 1009 360 734 1207 1388 1247 605 1005 1067 1445 1220 1387 901 661 1703 786 1090 1050 1098 1271 1717 1708 1574 1233 1689 1175 748 647 1608 1809 665 1072 930 1118 578 941 777 816 1291 1235 829 671 435 821 1641 500 1191 1349 684 1620 431 1284 785 1127 703 733 686 686 371 1457 1571 1267 612 987 1029 535 1465 618 1185 1344 736 976 1622 855 694 1083 568 736 1766 752 898 1415 843 1054 1533 876 1381 1652 859 1357 1112 1660 791 1110 928 567 534 1372 1483 611 1080 874 483 1201 1629 676 1501 611 773 744 1800 812 624 762 1153 1015 840 936 935 567 1718 1041 659 611 1285 1236 1620 1794 798 774 1191 1304 927 750 567 915 916 996 1120 1029 1120 1337 495 917 647 782 749 1164 680 1032 671 973 1019 916 467 857 909 1189 1073 415 1661 1105 694 1195 755 855 703 1195 957 529 701 1097 1256 1536 1201 963 1097 1356 1660 730 596 1198 696 431 623 1207 1508 696 1534 1561 497 1028 876 1242 1661 1054 1036 1118 1546 807 698 803 1412 653 949 689 1026 778 1732 1057 614 1590 884 1702 796 1332 1887 680 1290 1148 561 855 653 1857 808 785 1754 1737 842 1697 1019 624 575 691 1372 974 980 1082 1203 1172 1530 1334 1159 576 814 1792 1225
477 1397 724 537 801 618 508 545 1281 1243 695 390 578 1162 1170 673 1052 1175 980 598 1371 1105 754 1700 1145 1177 572 1632 966 712 1068 1487 1432 462 796 791 880 524 833 1070 1247 549 1148 727 588 1056 1260 1404 1135 760 1064 481 1112 837 1315 732 606 1438 760 510 1182 686 797 885 1259 1299 761 580 901 827 747 528 518 585 1207 1104 734 360 1580 1621 1119 589 674 833 1071 1140 1248 743 504 1719 649 924 1274 1260 1326 1496 1339 1277 1391 1375 1420 1076 618 1580 1590 429 876 991 1087 610 730 438 445 918 1421 1074 625 806 963 1418 748 1495 1096 516 1368 669 1172 528 1358 557 450 918 533 722 1251 1225 1005 506 1062 712 772 1228 475 1064 1547 468 1021 1334 581 595 1153 874 1108 1405 742 816 1414 544 1099 1481 914 1204 1291 1232 1009 750 1330 951 736 831 709 734 1101 1280 980 1293 1131 712 828 1312 505 1255 800 669 485 1510 536 547 527 866 1241 656 816 909 923 1723 1301 548 719 978 1268 1676 1420 1170 1147 1372 937 1301 652 562 591 619 1265 1281 1366 752 1339 798 1147 543 540 1074 790 980 1190 611 701 679 1174 633 606 736 892 1370 709 1431 1473 561 1226 770 549 521 1088 1303 878 513 1017 1087 1332 899 632 812 1010 1293 412 498 1212 616 663 724 960 1154 1039 1404 1690 773 677 771 1386 1514 1243 1343 750 1295 450 535 1175 1365 488 627 1053 738 922 1396 876 565 1299 1257 1333 1161 1423 1559 523 1033 907 827 1199 514 1496 1157 594 1382 1391 517 1348 760 809 782 560 998 957 1110 723 831 826 1684 962 1320 674 981 1420 1594
1456 1276 1878 1507 1230 1386 1638 1520 2393 1871 1902 1608 1650 1944 939 1577 2272 1141 2075 1625 915 1799 1309 1610 1792 904 1536 475 2174 1228 1661 2504 2219 1576 1475 1597 1976 1536 1864 911 2446 1578 1197 1906 1808 2049 1235 1147 2183 1927 2014 1592 829 1119 2376 1934 1454 508 1360 1726 2311 1450 1463 2088 2458 1984 1744 1630 1867 1267 1617 1532 1461 1526 1572 1475 1207 1580 360 1366 1909 1404 1842 1849 2290 1761 2036 1626 1499 2071 1575 1765 1143 1298 1686 2423 2555 2366 1469 2493 1231 993 1446 2068 2506 1512 1828 1416 1706 1392 1729 1623 1660 2139 1294 1096 1437 1134 1278 2354 1219 1032 2117 1517 2367 1275 1921 1599 1140 1524 1577 1156 1515 1219 2107 2377 2048 1448 1495 1859 1240 2151 1465 1852 1422 1577 1529 2356 1683 1501 1463 1136 832 2588 1436 1562 1876 1680 1570 2043 1490 2073 2494 708 2194 1957 2478 1315 1957 1643 1321 1276 2106 2125 976 1176 1143 1246 2045 2399 1513 2249 1275 1549 1584 2576 1646 1455 1593 1960 1135 1636 1667 1586 1025 2103 1149 1486 1316 2097 1606 1930 2641 793 805 1289 2139 640 1533 1405 1753 1745 1119 1409 867 1968 1720 1183 1208 1475 1612 1000 2010 1091 1379 1471 1758 1840 1140 1312 1677 1682 1966 1037 1232 2382 510 1513 1675 1460 1675 1534 1847 744 1071 1534 1679 1959 2239 1980 1783 1907 2192 2506 1571 1444 1613 1494 1277 1356 1982 2347 983 2149 1738 1190 1870 1616 1505 2283 1227 886 1965 2240 1654 1526 786 1850 1484 1766 922 1843 1272 2555 1805 1440 2376 683 2536 791 1663 2700 1511 2065 1926 1196 887 1490 2698 831 1598 2602 2540 1671 2505 1822 1237 1261 1511 2217 1600 1325 1915 2050 1992 1661 2182 1428 1328 1240 2640 595
1392 2059 1686 1449 1610 1368 1558 1447 1987 1214 1787 1630 1512 2351 1624 1841 2147 1824 1734 1818 1751 2245 1663 608 2267 1004 1742 1289 2157 1408 2146 1961 1545 1541 1850 1933 2141 1471 2084 1151 2189 1475 840 1738 1787 1613 1953 630 1756 1733 1553 1717 1277 1458 1910 1962 1376 1359 1220 1696 1947 1302 1210 1912 2442 2457 1990 1492 1492 1161 1348 1466 1465 1417 2169 942 1388 1621 1366 360 1360 1618 1683 1529 2213 2246 1427 1918 1476 1155 1394 2112 1887 2003 935 1811 2348 1936 670 2075 573 1033 1364 1230 1867 1565 1463 1932 1151 1375 1471 1601 1697 2028 2084 1709 1691 1375 1800 1767 1516 694 1683 1470 1836 1401 1334 1755 1932 1439 1550 1636 1455 1392 2475 2461 1663 1582 994 1667 1242 2471 1538 1335 480 1537 1053 2594 1545 1398 2064 1180 1311 2604 1780 1926 1092 1574 1016 1262 1122 1516 2240 1277 1951 1830 2109 1030 1896 1302 1280 1270 2357 2502 1226 1926 873 1509 2009 2569 1478 1746 1190 1361 1529 2075 1543 1433 1504 1664 1860 1437 1336 1190 1405 1195 709 1435 1637 1780 2226 997 2472 1181 1212 2056 2143 1277 1366 1432 1630 1589 757 737 890 1864 2336 1256 839 1437 1508 1030 1961 1070 813 1375 1950 1938 832 1417 1517 1415 2152 733 1443 1802 1428 1431 1005 1232 1804 1472 1308 1529 1423 1479 2125 1455 1658 2160 1893 1633 1943 2289 1652 1516 2199 1377 1434 1257 1602 2089 1096 1464 758 1500 1739 1327 704 1576 1938 1707 1858 2545 1633 1457 1188 2427 1621 1888 1165 1612 1763 2190 1435 1415 1928 1306 2501 1379 832 2282 1462 1662 1568 1196 999 1466 2415 1464 1454 2419 2622 1776 2575 1560 1627 1217 1431 2141 1161 1935 1964 1955 2076 670 2059 710 1604 1777 2463 1148
923 2086 893 990 1461 1043 973 973 989 548 1023 1102 901 1894 1746 1432 1271 1837 788 1350 1950 1857 1451 1289 1901 1366 1331 1903 1363 1244 1828 982 696 1021 1548 1550 1513 981 1528 1376 1229 939 1104 943 1116 629 1947 1302 763 915 566 1238 1507 1397 910 1265 975 1805 962 1067 961 916 841 1048 1597 2041 1494 899 612 1033 754 981 1058 933 1959 830 1247 1119 1909 1360 360 1299 926 688 1361 1897 500 1500 1029 1033 853 1669 1935 1964 805 875 1399 936 1050 1074 1255 1275 973 859 957 1120 618 1730 581 1042 752 1047 1140 1188 2112 1715 1362 1306 1667 810 1363 1457 692 1002 848 1190 418 1284 2014 960 1031 1564 988 1238 1951 1689 701 1210 793 883 1103 1902 1137 421 1243 1015 746 1928 905 943 1895 1174 1525 1761 1485 1575 756 948 732 747 780 529 1278 1604 1029 1036 1114 953 1140 680 1042 1083 1751 1980 1349 1963 1145 1328 1238 1848 1016 748 1038 850 997 1084 945 1031 955 776 1900 826 679 690 1434 1024 1225 999 1411 840 2022 1055 1531 1491 1493 2066 1370 1659 874 1085 944 894 1226 1004 1469 1080 2098 1169 1094 1012 939 1269 1193 1184 966 955 1418 1318 1163 1167 876 744 1540 1354 1274 840 1866 963 717 856 1279 985 422 1796 1407 993 1776 461 693 1540 1305 783 1019 1339 1172 1135 1968 931 1220 988 661 1138 1294 651 1192 1373 981 737 1017 774 1930 1910 1072 1948 1056 978 1500 2124 1221 1313 1371 818 1622 1195 609 1029 927 1641 1636 1610 930 1281 999 689 663 1122 1384 1029 1433 1655 891 1476 1825 1242 1776 765 1475 1066 966 1303 669 1826 1287 1148 1393 1236 1202 1019 1359 1673 1519 1802
616 1172 953 669 574 652 722 686 1511 1396 919 619 781 1094 948 584 1251 946 1208 590 1146 999 526 1738 1029 1081 500 1469 1132 582 925 1713 1626 656 622 677 949 679 856 946 1465 725 1139 956 793 1272 1034 1374 1360 989 1273 551 948 645 1542 892 698 1257 802 734 1412 777 890 1107 1413 1209 745 775 1106 826 907 679 602 726 1025 1177 605 589 1404 1618 1299 360 904 1044 1254 1015 1435 660 630 1845 806 854 1045 1039 1426 1712 1545 1506 1434 1604 1407 994 704 1725 1806 550 1076 790 1224 648 929 663 644 1122 1197 845 435 655 739 1634 545 1435 1317 657 1591 577 1347 555 1129 699 648 690 671 597 1218 1340 1227 452 1144 941 736 1221 522 1240 1564 661 1117 1377 795 719 955 805 936 1545 552 678 1544 764 1198 1636 1008 1404 1507 1064 1234 971 1559 980 938 987 716 713 1126 1245 848 1065 1106 519 1012 1388 643 1476 798 812 678 1739 746 633 716 1092 1011 838 981 1035 740 1854 1276 662 490 1207 1088 1781 1616 1026 997 1149 1096 1132 789 590 819 842 1233 1321 1274 967 1174 725 1140 649 735 994 983 919 1229 715 730 796 1148 563 813 920 946 1316 556 1649 1285 696 1336 863 630 675 1260 1096 693 668 888 1282 1542 959 738 1037 1236 1503 554 524 1038 735 546 760 1179 1376 942 1590 1754 573 905 927 1438 1708 1017 1120 967 1301 679 681 1028 1225 461 722 928 962 696 1623 1070 639 1528 1083 1492 974 1506 1787 660 1255 1123 781 1100 630 1711 956 771 1582 1505 628 1467 977 580 766 693 1185 1082 892 871 1036 948 1734 1166 1361 447 754 1617 1452
625 1708 411 694 1115 817 565 682 966 1092 467 644 558 1344 1478 941 833 1490 671 845 1682 1326 1069 1705 1374 1377 863 1879 840 988 1324 1180 1190 632 1089 1052 946 665 970 1302 964 626 1256 424 557 779 1572 1514 831 447 804 756 1375 1132 1003 700 753 1706 886 544 868 785 843 612 1118 1494 955 579 674 980 695 670 744 683 1487 1108 1005 674 1842 1683 926 904 360 597 890 1377 1029 992 704 1589 664 1133 1589 1570 1260 1208 1084 963 1406 1060 1507 1270 763 1424 1300 723 670 1290 986 810 580 602 640 706 1732 1388 935 1081 1275 1131 1052 1635 803 685 1067 934 985 794 1673 680 635 1231 687 993 1387 1160 712 818 1058 407 972 1336 766 887 1589 630 1001 1368 522 709 1447 1080 1378 1281 1045 1087 1292 522 1061 1313 921 959 1012 1495 712 506 1020 1041 586 752 891 933 1184 1417 1226 1607 1260 1015 697 1300 690 960 961 697 620 1197 556 747 608 567 1555 610 719 863 1210 1584 1413 716 1034 664 1546 1583 1187 1414 1397 1683 834 1562 702 799 450 462 1387 1311 1548 542 1603 1022 1251 726 591 1266 648 1164 1230 739 874 757 1298 898 538 631 975 1510 997 1140 1749 691 1153 826 758 667 919 1598 1167 667 1264 861 1059 973 753 523 710 1031 715 782 1486 721 942 871 684 864 1249 1181 1657 1075 418 717 1389 1272 1556 1652 535 1381 584 676 1420 1605 803 765 1288 467 1235 1089 686 762 986 1524 1177 1442 1377 1248 690 742 644 1022 1399 713 1216 1450 617 1141 1312 725 1264 522 1123 961 693 818 903 1417 720 631 827 1673 741 1345 988 1294 1183 1822
686 1855 565 755 1236 853 685 738 904 859 695 809 623 1574 1570 1137 990 1620 590 1048 1777 1547 1208 1518 1592 1338 1044 1868 1050 1056 1531 1045 966 748 1269 1253 1184 735 1203 1297 1027 685 1152 618 790 589 1717 1397 700 594 590 942 1400 1212 893 937 777 1724 849 751 828 760 757 754 1305 1722 1178 631 437 943 593 737 824 711 1679 946 1067 833 1849 1529 688 1044 597 360 1069 1592 795 1198 786 1355 642 1355 1719 1724 1052 1028 1180 877 1233 1004 1375 1233 781 1187 1121 854 437 1463 774 849 485 755 833 885 1881 1506 1094 1138 1424 950 1152 1535 642 759 915 998 747 986 1802 728 756 1349 750 1056 1624 1376 562 952 895 555 973 1573 884 651 1424 742 836 1601 612 732 1626 1072 1410 1470 1214 1283 1062 649 878 1075 787 735 1078 1513 782 713 998 946 813 596 894 940 1422 1654 1241 1743 1171 1115 916 1526 771 797 934 662 726 1096 659 809 689 495 1685 586 563 702 1272 1349 1302 772 1169 625 1740 1358 1302 1415 1406 1833 1052 1576 682 868 625 580 1286 1152 1486 757 1806 1036 1144 786 669 1227 869 1127 1081 756 1099 992 1203 967 591 527 1212 1415 1076 966 1777 736 946 754 968 739 685 1660 1236 744 1474 627 859 1211 983 469 775 1121 884 890 1682 731 1019 853 500 925 1229 949 1453 1169 652 600 1210 1048 1700 1742 749 1619 755 738 1423 1820 952 992 1287 489 1380 1078 460 815 889 1546 1354 1485 1174 1213 760 583 442 1012 1359 790 1267 1511 645 1250 1519 932 1470 438 1247 948 739 1003 728 1576 958 833 1064 1478 908 1180 1118 1436 1293 1791
1117 1931 888 1184 1458 1303 1051 1178 991 1548 791 1045 1076 1262 1831 1147 460 1770 943 1064 2015 1326 1387 2224 1379 1876 1140 2344 500 1423 1397 1277 1515 1097 1303 1204 835 1156 952 1779 716 1131 1784 835 844 1116 1812 2043 1052 843 1173 1063 1823 1535 1105 724 1255 2145 1403 934 910 1304 1373 675 596 1406 1035 1097 1129 1493 1225 1161 1209 1193 1598 1635 1445 1071 2290 2213 1361 1254 890 1069 360 1397 1416 1144 1177 2031 1190 1162 1859 1787 1761 1402 692 1035 1931 1028 2038 1771 1267 1848 1476 1141 1144 1487 1483 1295 1103 1041 989 546 1949 1703 1242 1516 1538 1344 1438 2159 1085 1168 1232 1381 1418 1066 1940 1181 1093 1565 1177 1434 1213 719 1032 1202 1584 906 1464 1124 1187 1343 2117 1098 1526 1028 1040 1217 1606 1572 1817 761 1298 1251 1756 1021 1580 1732 1451 1315 727 1943 713 744 933 1569 701 1275 1389 1424 975 1238 1691 1866 1784 1407 604 905 1167 1182 1470 1224 1098 1213 1056 1226 1106 949 1831 1140 1241 1387 1627 2017 1941 1205 1366 892 1643 2055 727 1881 1859 1901 546 2012 1226 1263 954 989 1914 1840 2058 713 1653 1502 1779 1210 1095 1768 641 1668 1760 1246 972 840 1823 1345 1064 1158 869 2033 1417 1333 2177 1191 1655 1355 991 1156 1378 1990 1580 1153 1332 1269 1331 855 893 960 725 676 1078 1209 1578 1233 1374 1381 1060 704 1741 1539 2162 1466 838 1246 1912 1583 1800 1996 719 1123 1008 1169 1886 1597 1166 912 1763 964 1512 945 1169 1244 1070 1966 647 1865 1883 1105 1175 1054 1062 1518 1898 1188 889 1850 1137 703 829 987 780 1020 1458 1462 1192 434 1423 1636 751 621 723 2186 520 1872 1338 1571 731 2305
1239 1011 1426 1295 1000 1306 1284 1308 1910 2022 1322 1155 1356 569 1181 828 1456 994 1675 906 1266 434 943 2385 393 1645 934 1860 1260 1202 464 2169 2198 1241 759 710 923 1293 816 1492 1732 1327 1774 1397 1184 1796 948 1987 1836 1436 1817 1019 1420 1156 1984 1120 1342 1621 1457 1202 1808 1425 1540 1452 1416 585 784 1360 1666 1476 1525 1295 1239 1351 606 1832 1220 1140 1761 2246 1897 1015 1377 1592 1397 360 2021 757 1254 2490 1424 611 1034 894 2079 2221 1729 1929 2086 1984 2033 1583 1350 2358 2312 1152 1647 709 1860 1301 1505 1210 1119 1378 1018 1025 939 1232 853 2146 1090 2019 1818 1277 2071 1220 1951 972 1088 1322 1230 1007 1294 1217 735 1236 1728 1083 1798 1424 1381 811 1151 1843 2204 1247 1769 1050 1352 1352 682 1427 1392 1467 831 697 2186 1310 1850 2261 1659 1967 1755 1500 1585 1349 1907 1633 1254 1609 1371 1363 856 744 1399 1017 1734 1097 1239 1153 1263 1972 1449 1440 1265 2153 1312 1273 1307 1583 1024 1436 1595 1676 1228 2496 1897 1295 969 1651 627 2433 1736 1523 1488 981 1215 1553 1419 1241 1327 1371 1851 1972 1828 1317 615 1355 1778 1284 1320 1586 1249 1535 1881 1356 867 1007 1774 1214 1381 1516 887 1912 1165 2151 1612 1322 1986 1513 983 1290 1868 1377 1198 1281 486 1856 2076 902 990 1540 1592 1713 1088 1163 571 1371 1184 1415 1700 1678 1523 2178 2408 1107 1342 1549 2091 2281 946 1274 1322 895 1201 1301 1521 588 1057 975 1474 1474 873 1946 1650 1284 1959 1499 1492 1376 2161 2115 1282 1758 1655 1419 1660 1259 1927 1307 1374 1728 1355 1019 1342 1514 984 1415 1320 1362 1724 803 1086 1326 1049 2385 1412 2012 1006 889 1746 1898
1058 2225 990 1126 1600 1182 1099 1109 961 573 1118 1228 1029 2009 1886 1560 1321 1977 833 1475 2089 1979 1588 1325 2024 1492 1460 2026 1435 1384 1955 894 556 1151 1680 1677 1614 1116 1638 1509 1238 1072 1219 1036 1225 660 2086 1398 757 1004 605 1365 1643 1537 860 1362 1113 1936 1101 1184 956 1056 980 1113 1648 2157 1612 1029 718 1170 892 1115 1195 1070 2092 938 1387 1248 2036 1427 500 1435 1029 795 1416 2021 360 1625 1165 981 989 1788 2074 2102 853 759 1410 902 1119 1034 1344 1405 1112 793 834 1253 734 1865 692 1182 878 1173 1262 1253 2251 1854 1495 1446 1805 704 1502 1556 700 1137 770 1330 474 1410 2153 1096 1162 1703 1123 1378 2057 1758 744 1345 907 984 1242 2003 1272 561 1307 1145 867 2013 1030 1081 2030 1311 1662 1809 1619 1704 748 1071 838 677 913 469 1283 1738 1069 1123 1090 1083 1230 820 1182 1223 1849 2087 1486 2103 1263 1468 1320 1925 1151 694 1176 988 1128 1009 1072 1169 1086 853 2039 958 817 827 1573 964 1329 1135 1549 884 2154 1034 1545 1624 1626 2205 1447 1791 1012 1223 1059 1011 1334 1091 1584 1167 2227 1308 1209 1149 1070 1398 1278 1316 1066 1093 1534 1426 1278 1307 1002 876 1643 1459 1414 737 1999 1100 787 996 1400 1119 555 1934 1547 1127 1901 528 591 1641 1418 874 1058 1352 1300 1271 2099 1069 1360 1128 726 1156 1426 516 1209 1512 1080 875 1083 635 2069 2049 1159 2044 1180 1113 1633 2249 1354 1428 1505 922 1760 1167 732 1167 885 1775 1679 1747 970 1229 1135 722 749 1260 1510 1165 1418 1793 1025 1489 1885 1363 1836 874 1614 1205 1103 1365 801 1964 1386 1225 1488 1265 1261 1100 1496 1811 1531 1920
847 1147 1043 904 758 932 887 916 1561 1626 953 758 959 797 1089 438 1175 992 1299 510 1251 722 679 2032 762 1370 546 1705 1006 878 692 1803 1804 845 524 423 722 900 600 1227 1432 931 1438 1021 810 1408 1027 1674 1461 1060 1426 622 1201 896 1621 799 957 1477 1087 811 1458 1041 1157 1110 1245 923 482 963 1272 1123 1130 902 854 959 859 1457 901 743 1626 1918 1500 660 992 1198 1144 757 1625 360 864 2098 1030 555 1077 1004 1695 1840 1470 1571 1727 1643 1707 1288 966 1963 1933 761 1251 703 1467 926 1108 813 724 1068 1167 943 589 938 763 1764 802 1731 1436 885 1697 878 1554 575 1156 929 834 833 903 894 918 1125 1344 705 1420 1039 1035 925 767 1446 1862 851 1386 1099 955 962 837 1105 1182 1350 549 468 1794 914 1466 1865 1276 1573 1465 1307 1245 990 1577 1272 910 1214 1008 1010 846 944 1128 1081 1406 793 932 1133 872 1593 1094 1047 868 1802 915 889 910 1200 1050 1039 1199 1285 988 2104 1576 906 681 1282 916 2049 1510 1292 1259 1119 961 1371 1027 865 934 977 1533 1613 1562 965 970 1025 1440 896 923 1289 925 1219 1521 969 532 675 1449 861 984 1119 705 1614 847 1772 1490 931 1599 1129 594 896 1471 1272 946 888 636 1461 1688 721 635 1153 1251 1440 691 782 854 982 846 1045 1312 1362 1234 1782 2041 828 965 1154 1727 1887 1015 1239 968 1007 805 908 1293 984 672 616 1209 1085 744 1627 1253 902 1599 1318 1327 1198 1784 1797 891 1374 1265 1082 1388 870 1657 1155 977 1488 1282 628 1251 1121 749 1064 929 1089 1333 851 766 998 785 2025 1109 1653 692 799 1516 1708
346 1432 744 400 809 486 499 416 1292 1132 764 514 529 1294 1150 788 1144 1193 976 729 1356 1226 786 1556 1263 1059 680 1541 1085 645 1174 1468 1356 439 882 904 1024 411 977 966 1307 460 1006 767 697 1016 1293 1264 1117 791 1010 614 1032 795 1306 861 461 1362 616 604 1199 543 656 948 1378 1427 899 516 842 689 638 410 400 458 1292 963 661 504 1499 1476 1029 630 704 786 1177 1254 1165 864 360 1595 536 1053 1293 1303 1192 1452 1418 1278 1247 1390 1277 954 473 1465 1546 463 810 1060 966 478 665 497 581 1009 1458 1080 693 737 1003 1375 727 1360 1067 387 1341 590 1077 659 1376 429 444 922 401 649 1391 1360 980 541 922 727 647 1371 468 970 1403 439 884 1478 554 458 1225 754 1033 1530 817 920 1291 542 963 1372 775 1136 1354 1151 1056 819 1359 806 836 720 575 607 1246 1420 885 1317 992 690 940 1454 375 1223 662 546 444 1507 510 409 462 857 1258 569 712 781 868 1602 1161 403 747 986 1355 1545 1510 1075 1056 1410 1060 1219 525 455 614 614 1125 1137 1242 834 1436 686 1004 399 483 951 897 853 1045 467 844 822 1034 554 561 650 1037 1235 658 1392 1405 428 1094 629 693 407 990 1258 826 402 1129 1013 1278 1044 776 800 1055 1367 544 467 1302 478 602 581 925 1208 924 1320 1549 746 731 659 1242 1437 1276 1323 831 1439 531 411 1081 1475 558 772 951 728 959 1430 802 427 1296 1180 1449 1098 1284 1586 389 1005 867 701 1081 371 1559 1109 504 1468 1525 662 1481 728 821 649 425 1102 829 1160 856 922 964 1541 1051 1175 695 1013 1508 1491
1491 2535 1561 1555 1948 1553 1588 1542 1562 857 1691 1709 1517 2520 2130 2023 1939 2280 1450 1957 2309 2461 1965 937 2499 1570 1915 2020 2037 1711 2407 1410 962 1616 2107 2139 2170 1558 2169 1660 1856 1530 1270 1613 1769 1278 2405 1291 1376 1587 1219 1840 1810 1835 1446 1929 1509 2018 1414 1706 1572 1427 1314 1721 2266 2658 2117 1507 1282 1431 1332 1556 1611 1499 2504 1058 1703 1719 2071 1155 1033 1845 1589 1355 2031 2490 981 2098 1595 360 1430 2283 2367 2438 794 1223 2029 1500 961 1619 1209 1527 1501 552 1240 1698 1280 2260 992 1556 1388 1659 1761 1861 2563 2153 1917 1735 2164 1216 1841 1433 1322 1573 1326 1671 975 1887 2434 1529 1628 2026 1556 1699 2595 2363 1360 1768 1075 1550 1529 2555 1698 1063 1052 1610 1091 2597 1532 1497 2421 1543 1839 2428 2037 2154 665 1575 1011 665 1198 1089 1900 1866 1689 1708 1691 1280 1809 1248 1507 1530 2408 2625 1685 2402 1329 1816 1911 2521 1587 1290 1452 1411 1594 1542 1562 1577 1553 1450 2334 1430 1269 1173 1833 402 1281 1554 1928 1502 2567 518 2164 1747 1766 2522 2044 1896 1431 1614 1590 1539 1316 1031 1564 1752 2658 1582 1260 1565 1543 1521 1865 1486 1086 1494 2048 1967 1316 1664 1500 1358 2195 1395 1748 1248 2088 1527 870 1341 1899 1562 1030 2109 1825 1570 2364 1122 1146 2196 1946 1455 1678 1971 1769 1688 2521 1478 1708 1455 1331 1777 1576 899 774 1840 1646 1307 926 942 2388 2264 1744 2607 1677 1550 1757 2708 1792 1951 1665 1483 2120 1761 1263 1567 1477 1902 2299 1925 772 1789 1567 1341 1337 1516 1578 1590 2020 1995 1486 2108 2497 1863 2448 1427 1965 1488 1530 1976 1125 2323 1947 1822 2057 863 1873 1006 1878 2158 2149 1886
429 1600 683 497 974 571 531 480 1180 958 758 641 477 1451 1291 956 1137 1356 861 887 1498 1392 959 1442 1432 1083 850 1601 1124 777 1348 1326 1182 546 1058 1073 1136 491 1111 1024 1251 460 953 726 755 865 1461 1213 983 734 851 770 1120 933 1176 931 495 1447 586 668 1096 487 545 914 1412 1588 1049 458 683 683 461 490 565 440 1469 838 786 649 1575 1394 853 806 664 642 1190 1424 989 1030 536 1430 360 1213 1455 1474 1041 1293 1383 1157 1135 1280 1210 976 499 1293 1386 633 647 1237 798 568 517 594 698 1008 1626 1238 870 856 1175 1217 882 1331 924 510 1194 719 900 817 1536 467 558 1082 495 775 1534 1427 845 718 791 663 695 1505 645 794 1307 540 743 1587 511 454 1402 799 1128 1571 994 1093 1125 540 817 1198 644 967 1301 1234 995 807 1264 738 862 545 614 660 1369 1564 962 1481 956 846 975 1544 524 1075 667 393 525 1379 511 540 486 745 1420 421 535 622 990 1434 1111 506 919 882 1531 1389 1490 1141 1129 1579 1109 1299 402 597 597 562 1084 1032 1248 836 1611 755 948 520 481 971 927 869 945 474 984 928 994 690 486 483 1155 1206 800 1236 1497 470 939 524 833 495 813 1377 955 503 1300 842 1115 1159 894 692 991 1327 699 642 1479 449 743 579 783 1148 962 1144 1417 896 713 484 1124 1263 1443 1462 831 1566 618 486 1148 1647 733 895 1013 633 1131 1340 635 541 1171 1267 1475 1203 1144 1485 507 866 724 739 1105 535 1501 1228 422 1443 1587 797 1540 607 987 674 473 1116 670 1334 937 929 1051 1419 1044 1068 866 1183 1485 1533
1035 1160 1181 1092 919 1127 1060 1103 1659 1804 1074 934 1132 602 1203 633 1214 1063 1426 686 1337 553 844 2228 603 1552 739 1853 1022 1068 595 1918 1960 1026 655 544 689 1085 571 1406 1487 1113 1633 1150 938 1552 1062 1865 1587 1189 1577 803 1365 1068 1734 870 1149 1619 1282 964 1557 1233 1348 1201 1210 735 537 1139 1431 1318 1311 1089 1046 1146 796 1651 1090 924 1765 2112 1669 854 1133 1355 1162 611 1788 555 1053 2283 1213 360 1130 1022 1885 1973 1495 1678 1922 1733 1901 1475 1159 2142 2064 950 1414 745 1651 1121 1276 987 889 1130 1174 1046 781 1122 857 1899 981 1918 1571 1073 1822 1071 1724 756 1201 1116 1015 970 1090 1084 728 1052 1482 900 1613 1180 1230 750 960 1618 2057 1032 1577 952 1124 1151 820 1296 1343 1286 711 567 1978 1081 1656 2041 1468 1729 1512 1464 1334 1099 1658 1468 1003 1395 1203 1205 709 753 1308 1125 1599 977 991 1016 1060 1724 1289 1233 1049 1902 1087 1081 1090 1338 1110 1216 1378 1472 1155 2287 1769 1096 856 1402 840 2238 1512 1461 1427 1130 976 1525 1214 1059 1089 1137 1725 1809 1743 1066 859 1218 1634 1087 1101 1476 999 1410 1717 1160 620 756 1642 1056 1154 1293 657 1803 1036 1904 1624 1119 1787 1321 750 1082 1644 1396 1117 1074 530 1622 1832 673 742 1297 1341 1474 874 976 776 1171 1038 1240 1457 1430 1419 1944 2235 1005 1096 1336 1922 2042 1054 1333 1071 837 973 1095 1461 835 866 728 1388 1234 855 1698 1420 1094 1708 1471 1289 1348 1976 1867 1079 1512 1415 1275 1570 1060 1690 1295 1158 1499 1194 786 1171 1276 907 1259 1117 1121 1520 888 835 1076 805 2220 1165 1848 876 896 1521 1867
1275 532 1638 1326 843 1252 1405 1344 2195 1991 1594 1304 1458 1239 623 1073 1881 459 1893 1164 599 1090 879 2086 1067 1243 1105 1254 1721 1051 950 2397 2270 1337 916 1021 1429 1344 1301 1104 2124 1394 1489 1639 1457 1949 453 1618 2044 1673 1943 1206 969 903 2228 1503 1323 1024 1346 1413 2096 1379 1465 1776 1958 1241 1194 1448 1774 1304 1546 1343 1256 1377 809 1669 1050 1274 1143 1887 1935 1045 1589 1719 1859 1034 2074 1077 1293 2367 1455 1130 360 516 1933 2386 2179 2191 1833 2287 1687 1235 1324 2289 2479 1233 1741 747 1807 1253 1598 1349 1318 1764 559 580 1017 1001 683 2308 933 1589 1998 1321 2272 1104 1974 1183 444 1355 1330 732 1331 1058 1407 1819 1909 1134 1657 1626 1212 1473 1197 1873 1886 1342 1656 1704 1476 1361 712 1184 936 2051 927 975 2092 1448 1729 2220 1562 2062 2161 987 1908 1642 2238 1448 1589 1614 1258 1222 1475 1418 1052 398 1433 969 1635 1784 1308 2155 1288 1450 1357 2425 1428 1276 1390 1777 394 1500 1619 1625 894 2387 1555 1312 915 1892 832 2266 2226 1067 1035 528 1678 1013 1426 1217 1505 1527 1507 1729 1378 1631 942 1152 1497 1297 1411 1241 1619 1248 1654 1344 1248 1381 1461 1128 1490 1577 1405 1515 1020 2325 993 1348 1869 1445 1248 1341 1885 772 905 1335 991 1937 2210 1422 1332 1721 1911 2144 1234 1189 851 1369 1075 1313 1857 2042 1176 2223 2160 922 1586 1560 1853 2349 449 618 1632 1560 1364 1342 1061 1077 1146 1312 1093 1647 717 2298 1730 1273 2213 968 2040 871 1973 2465 1320 1936 1800 1215 1248 1289 2360 785 1436 2202 1964 1266 1941 1658 832 1253 1345 1800 1664 603 1472 1685 1502 2109 1807 1765 964 657 2231 1327
1288 503 1621 1340 864 1283 1401 1357 2171 2037 1561 1288 1460 1102 754 1017 1819 540 1880 1113 755 955 877 2191 927 1358 1070 1408 1647 1094 819 2388 2296 1336 856 943 1338 1354 1210 1213 2073 1402 1584 1614 1419 1952 423 1733 2035 1651 1952 1176 1088 962 2214 1442 1349 1176 1395 1388 2069 1413 1510 1736 1867 1092 1113 1453 1784 1367 1570 1353 1269 1394 658 1739 1098 1260 1298 2003 1964 1039 1570 1724 1787 894 2102 1004 1303 2438 1474 1022 516 360 2004 2392 2114 2172 1925 2260 1798 1338 1351 2347 2485 1229 1753 660 1855 1283 1607 1338 1292 1709 524 655 995 1062 660 2314 966 1716 1995 1331 2269 1142 2007 1145 554 1369 1327 772 1343 1104 1269 1715 1905 1131 1722 1611 1270 1341 1200 1903 1993 1341 1714 1576 1474 1381 573 1259 1055 1949 887 896 2154 1442 1791 2271 1615 2080 2107 1122 1870 1606 2203 1518 1542 1645 1304 1273 1357 1278 1148 489 1529 998 1575 1665 1318 2154 1347 1474 1357 2406 1426 1294 1395 1767 524 1513 1645 1668 976 2455 1663 1328 916 1874 676 2345 2151 1191 1157 475 1603 1154 1450 1239 1491 1519 1615 1818 1506 1589 785 1215 1591 1314 1414 1343 1565 1337 1739 1369 1176 1317 1561 1159 1492 1593 1311 1634 1059 2329 1148 1364 1932 1487 1202 1350 1918 923 976 1344 869 1956 2221 1327 1273 1713 1874 2084 1215 1196 700 1393 1108 1359 1858 1997 1276 2255 2255 962 1559 1587 1943 2377 432 775 1591 1427 1348 1354 1186 921 1134 1253 1199 1639 704 2258 1745 1295 2197 1106 1948 1000 2053 2427 1332 1933 1802 1281 1366 1301 2301 916 1447 2131 1854 1225 1833 1657 849 1311 1361 1733 1710 515 1410 1635 1425 2210 1751 1855 968 651 2157 1477
1090 2101 1245 1153 1517 1134 1210 1142 1433 640 1368 1321 1144 2126 1698 1618 1680 1846 1218 1560 1880 2055 1538 843 2090 1160 1509 1651 1737 1280 1992 1387 974 1225 1688 1731 1812 1161 1793 1236 1669 1141 856 1300 1416 1072 1971 951 1208 1283 1010 1444 1385 1401 1346 1588 1098 1617 988 1340 1407 1014 899 1446 1998 2259 1727 1130 994 998 954 1158 1201 1100 2078 624 1271 1326 1686 935 805 1426 1260 1052 1761 2079 853 1695 1192 794 1041 1885 1933 2004 360 1236 1837 1378 634 1516 882 1105 1089 742 1295 1295 976 1834 637 1138 1042 1275 1380 1578 2128 1718 1501 1302 1733 1192 1410 1109 1137 1172 1264 1243 769 1490 2001 1130 1237 1592 1155 1268 2216 2060 1136 1355 645 1230 1096 2186 1289 796 814 1220 669 2256 1167 1094 1992 1109 1413 2162 1618 1741 550 1207 589 723 779 948 1719 1450 1453 1397 1560 846 1486 877 1079 1100 2048 2245 1254 1968 914 1386 1597 2199 1185 1180 1020 1017 1205 1503 1186 1166 1167 1175 1900 1056 906 779 1399 814 908 1149 1502 1269 2141 714 1967 1330 1345 2088 1734 1486 1033 1198 1238 1188 930 643 1190 1439 2235 1148 845 1158 1161 1099 1548 1055 669 1086 1665 1604 909 1238 1134 999 1833 1036 1318 1226 1686 1126 467 926 1513 1164 763 1686 1390 1173 1952 905 1084 1836 1574 1161 1444 1777 1372 1276 2097 1074 1280 1029 1084 1575 1150 892 760 1408 1319 928 595 1012 1953 1836 1431 2246 1299 1151 1340 2292 1383 1576 1239 1165 1689 1640 951 1155 1367 1487 2045 1499 485 1718 1166 1129 1066 1082 1172 1185 1878 1567 1102 1912 2209 1478 2160 1107 1534 1056 1128 1696 732 1891 1600 1521 1714 793 1600 636 1454 1726 1956 1527
1350 2523 1157 1419 1902 1503 1351 1402 787 963 1259 1470 1291 2166 2223 1788 1301 2286 907 1693 2430 2167 1876 1682 2216 1881 1702 2419 1471 1709 2172 550 634 1415 1929 1900 1732 1401 1791 1885 1111 1352 1617 1184 1396 800 2385 1798 747 1145 802 1598 2011 1866 661 1485 1428 2316 1454 1390 852 1389 1337 1166 1604 2319 1797 1299 971 1535 1211 1402 1489 1370 2334 1337 1717 1496 2423 1811 875 1712 1208 1028 1402 2221 759 1840 1452 1223 1293 1973 2386 2392 1236 360 1270 732 1509 802 1741 1789 1430 1040 453 1522 1006 2127 1089 1500 1147 1417 1483 1288 2549 2170 1760 1783 2092 437 1815 1955 764 1425 529 1652 871 1638 2468 1391 1424 2014 1415 1707 2178 1762 856 1620 1304 1161 1594 2107 1552 930 1691 1410 1260 2062 1278 1388 2288 1675 2027 1747 1878 1934 1092 1312 1237 950 1292 709 1141 2113 1062 1239 896 1468 1343 1159 1524 1568 1949 2207 1851 2410 1659 1778 1399 1947 1437 609 1535 1303 1394 683 1326 1470 1357 1000 2351 1246 1144 1198 1916 1191 1728 1434 1837 936 2394 1328 1400 2002 2001 2501 1498 2169 1326 1529 1272 1237 1734 1488 1981 1277 2451 1660 1606 1448 1337 1783 1370 1695 1466 1407 1714 1581 1676 1624 1259 1170 1766 1859 1734 431 2376 1397 1182 1347 1606 1405 937 2292 1884 1411 2111 828 544 1760 1591 1049 1051 1222 1545 1557 2333 1382 1677 1473 895 1069 1805 714 1547 1830 1239 1203 1471 641 2368 2392 1271 2129 1412 1403 2011 2449 1619 1606 1879 1120 2048 947 1019 1474 698 2149 1610 2109 1343 935 1425 826 949 1620 1900 1456 1204 2147 1309 1347 1854 1573 1808 1096 1914 1559 1400 1375 1183 2244 1516 1298 1594 1616 1277 1495 1786 2104 1382 2316
1346 2258 1059 1415 1756 1537 1280 1404 847 1585 1013 1310 1283 1587 2132 1465 658 2088 979 1376 2323 1658 1691 2318 1710 2102 1444 2599 833 1688 1730 1105 1453 1339 1624 1530 1167 1385 1285 2023 532 1349 1962 1020 1114 1129 2136 2214 1013 1008 1193 1357 2086 1815 974 1035 1477 2415 1609 1190 816 1508 1551 832 758 1728 1364 1304 1216 1704 1387 1390 1455 1408 1930 1767 1708 1339 2555 2348 1399 1545 1084 1180 692 1729 1410 1470 1418 2029 1383 1495 2179 2114 1837 1270 360 907 2048 834 2195 1995 1488 1837 1323 1405 1245 1813 1570 1530 1258 1291 1265 783 2277 2012 1544 1783 1856 1232 1723 2345 1073 1402 1110 1640 1447 1368 2261 1403 1338 1868 1407 1696 1524 963 1060 1480 1716 1079 1695 1429 1452 1401 2241 1339 1656 1291 1247 1434 1937 1804 2085 862 1613 1577 1788 1242 1693 1724 1604 1301 490 2206 758 958 735 1749 967 1414 1615 1656 1290 1546 1943 2187 1973 1689 904 1149 1405 1106 1685 1415 1334 1005 1277 1464 1330 1045 2150 1324 1380 1523 1903 2007 2116 1436 1665 930 1975 2083 495 2133 2114 2229 878 2275 1423 1511 1168 1186 2095 1971 2271 948 1984 1743 1955 1445 1314 1991 925 1888 1902 1464 1297 1158 2009 1603 1261 1315 1202 2222 1689 1210 2453 1414 1738 1539 1296 1387 1434 2280 1857 1386 1664 1298 1259 1187 1207 1080 765 420 1357 1472 1911 1446 1640 1595 1113 622 1974 1498 2231 1750 1048 1403 2022 1506 2123 2301 950 1413 1261 1397 2139 1925 1450 1227 2009 1117 1826 704 1273 1480 938 2233 731 2141 1962 827 1409 1070 1141 1746 2124 1428 559 2136 1341 439 995 1285 957 1161 1758 1685 1416 740 1548 1961 1066 870 1054 2270 739 1998 1632 1886 480 2545
1185 2311 912 1255 1714 1363 1150 1238 421 1103 978 1247 1109 1848 2068 1531 936 2092 662 1433 2274 1868 1672 1860 1920 1848 1462 2382 1116 1560 1893 607 910 1220 1685 1634 1405 1230 1480 1814 742 1181 1633 918 1122 693 2175 1857 547 881 746 1356 1917 1713 430 1171 1288 2242 1365 1144 487 1277 1267 838 1232 2001 1507 1124 862 1459 1108 1232 1319 1219 2071 1383 1574 1277 2366 1936 936 1506 963 877 1035 1929 902 1571 1278 1500 1157 1678 2191 2172 1378 732 907 360 1625 499 1819 1745 1294 1308 800 1320 901 1888 1146 1358 1000 1202 1240 941 2335 1988 1539 1647 1878 686 1643 2006 621 1253 565 1503 969 1390 2276 1230 1225 1830 1248 1562 1842 1394 677 1418 1338 925 1491 1765 1360 962 1819 1216 1282 1701 1084 1242 2041 1590 1926 1374 1646 1673 1290 1106 1292 1199 1270 795 777 2030 714 942 550 1443 1034 1091 1411 1457 1608 1870 1758 2211 1661 1606 1066 1581 1263 571 1451 1179 1203 593 1131 1310 1176 781 2158 1098 1063 1173 1781 1475 1771 1274 1636 659 2127 1572 1040 1932 1923 2286 1148 2094 1198 1369 1046 1028 1763 1572 1984 972 2171 1553 1624 1287 1155 1739 1045 1640 1523 1269 1424 1281 1688 1469 1077 1044 1441 1894 1577 667 2294 1240 1293 1267 1342 1233 988 2171 1742 1236 1829 841 717 1432 1303 837 705 855 1319 1372 2065 1244 1520 1371 744 697 1744 962 1750 1664 973 1111 1593 959 2159 2242 967 1780 1187 1236 1940 2152 1405 1320 1804 910 1838 624 926 1319 394 2064 1238 2000 1501 710 1256 662 800 1530 1869 1285 879 2021 1148 986 1482 1314 1437 914 1723 1465 1242 1015 1180 2019 1204 969 1265 1802 923 1591 1589 1898 1024 2300
1155 2005 1403 1214 1475 1156 1305 1209 1677 907 1512 1395 1251 2164 1580 1648 1860 1755 1431 1609 1742 2074 1513 669 2102 983 1543 1420 1886 1248 1990 1654 1248 1301 1686 1751 1906 1231 1864 1095 1886 1226 703 1456 1530 1304 1884 695 1447 1448 1244 1499 1242 1336 1600 1706 1145 1421 1001 1443 1639 1064 957 1623 2163 2284 1781 1233 1191 969 1073 1227 1244 1172 2046 658 1233 1391 1469 670 1050 1434 1406 1233 1931 2086 1119 1727 1247 961 1135 1922 1833 1925 634 1509 2048 1625 360 1764 617 960 1134 979 1569 1344 1164 1801 843 1162 1188 1359 1460 1745 2032 1631 1510 1241 1683 1462 1371 847 1374 1235 1527 1225 1024 1541 1891 1198 1311 1527 1218 1233 2274 2199 1357 1381 709 1385 1065 2258 1326 1025 554 1296 765 2359 1281 1158 1949 1036 1273 2327 1615 1753 811 1315 715 986 852 1206 1937 1281 1653 1551 1799 814 1626 1016 1078 1082 2132 2302 1141 1869 760 1355 1740 2320 1245 1436 996 1104 1285 1766 1287 1210 1254 1366 1802 1169 1050 904 1309 994 681 1203 1482 1478 2106 823 2173 1166 1189 1996 1876 1305 1113 1223 1363 1318 718 473 962 1589 2210 1098 695 1209 1255 954 1691 948 565 1140 1731 1698 735 1232 1251 1135 1921 795 1286 1496 1491 1192 694 983 1580 1233 998 1531 1313 1241 1960 1145 1351 1927 1659 1340 1645 1988 1430 1307 2070 1136 1262 1042 1297 1787 1017 1167 690 1362 1464 1050 400 1286 1867 1697 1582 2326 1388 1218 1175 2285 1417 1657 1103 1327 1641 1881 1136 1194 1617 1316 2219 1355 560 1971 1227 1354 1267 1031 988 1238 2108 1432 1197 2120 2356 1549 2308 1272 1492 1030 1193 1861 868 1833 1712 1677 1826 659 1773 433 1440 1667 2164 1288
1299 2400 1012 1369 1816 1482 1257 1353 459 1239 1058 1344 1222 1887 2176 1610 934 2189 779 1511 2381 1920 1769 1996 1972 1980 1549 2512 1130 1674 1956 630 1020 1327 1767 1706 1442 1343 1529 1941 690 1295 1770 1008 1201 832 2266 1996 685 974 885 1444 2040 1825 534 1223 1408 2367 1493 1234 552 1403 1399 894 1197 2039 1568 1239 996 1588 1237 1346 1430 1337 2140 1523 1689 1375 2493 2075 1074 1604 1060 1004 1028 1984 1034 1643 1390 1619 1280 1733 2287 2260 1516 802 834 499 1764 360 1958 1876 1414 1428 849 1423 1034 1969 1286 1476 1124 1303 1330 971 2423 2089 1631 1763 1970 776 1750 2145 759 1366 657 1618 1106 1474 2372 1346 1331 1932 1362 1677 1866 1378 809 1519 1477 1027 1615 1783 1465 1101 1958 1323 1421 1696 1195 1361 2118 1716 2048 1327 1732 1748 1422 1213 1431 1321 1406 930 710 2155 759 1015 460 1578 1094 1225 1534 1580 1628 1893 1882 2305 1798 1713 1107 1567 1374 700 1578 1303 1311 544 1240 1424 1287 896 2254 1219 1196 1310 1896 1592 1909 1389 1734 764 2195 1698 960 2059 2049 2374 1167 2219 1321 1482 1148 1136 1901 1712 2120 1037 2231 1675 1761 1402 1267 1871 1094 1771 1662 1389 1487 1341 1825 1583 1192 1171 1478 2032 1688 749 2417 1356 1432 1397 1420 1346 1127 2287 1856 1349 1891 980 833 1467 1369 952 753 791 1413 1479 2131 1365 1632 1496 876 685 1873 1080 1883 1772 1061 1242 1732 1060 2251 2350 1034 1789 1284 1350 2067 2203 1503 1388 1931 1022 1931 505 1060 1435 509 2187 1191 2119 1637 572 1369 797 930 1656 2001 1397 765 2137 1266 909 1447 1395 1404 1033 1823 1591 1359 1024 1318 2105 1258 1017 1304 1937 944 1730 1689 1992 942 2433
1195 1859 1515 1252 1397 1163 1367 1252 1866 1138 1607 1431 1327 2139 1426 1630 1977 1620 1592 1611 1564 2032 1449 763 2053 804 1533 1172 1973 1195 1932 1874 1489 1345 1637 1720 1939 1275 1878 945 2042 1284 632 1565 1596 1488 1750 443 1634 1564 1432 1511 1078 1245 1801 1770 1178 1200 1021 1504 1816 1108 1025 1745 2262 2244 1781 1306 1348 955 1175 1270 1262 1224 1957 796 1175 1420 1231 573 1255 1407 1507 1375 2038 2033 1344 1707 1277 1209 1210 1901 1687 1798 882 1741 2195 1819 617 1958 360 823 1166 1237 1807 1361 1315 1719 1035 1171 1302 1406 1499 1853 1885 1503 1479 1161 1588 1689 1303 589 1560 1272 1743 1189 1240 1548 1736 1244 1353 1425 1258 1179 2265 2270 1528 1374 845 1495 1032 2263 1332 1219 563 1341 903 2392 1361 1203 1853 967 1111 2422 1567 1713 1066 1387 887 1241 952 1421 2093 1090 1796 1653 1982 835 1712 1140 1074 1062 2152 2292 1016 1725 661 1296 1825 2371 1280 1643 983 1176 1334 1979 1354 1232 1312 1510 1659 1257 1175 1032 1195 1244 496 1236 1424 1635 2014 1062 2314 986 1015 1855 1957 1101 1178 1227 1447 1409 544 613 728 1685 2124 1043 632 1237 1318 819 1777 857 657 1179 1744 1739 619 1207 1335 1246 1949 556 1230 1722 1270 1236 919 1045 1600 1276 1197 1344 1211 1282 1912 1341 1575 1957 1692 1474 1789 2136 1449 1310 1986 1184 1222 1055 1464 1940 885 1409 870 1286 1560 1156 657 1533 1734 1519 1679 2338 1438 1262 994 2214 1414 1686 958 1445 1551 2064 1287 1214 1815 1122 2324 1184 818 2169 1264 1531 1424 985 802 1266 2276 1267 1267 2263 2433 1573 2387 1396 1414 1009 1236 1965 1011 1726 1769 1777 1880 800 1887 607 1391 1566 2306 1037
894 1408 1297 947 943 828 1081 955 1777 1250 1350 1097 1072 1706 980 1216 1733 1162 1463 1218 1144 1589 1003 1213 1606 467 1131 998 1678 771 1481 1872 1591 1034 1196 1291 1570 976 1488 494 1867 1006 620 1334 1291 1421 1292 767 1560 1348 1384 1138 643 788 1750 1448 879 892 750 1199 1701 849 837 1523 1972 1800 1379 1050 1243 653 1000 971 925 947 1496 862 748 1076 993 1033 1275 994 1270 1233 1771 1583 1405 1288 954 1527 976 1475 1235 1338 1105 1789 1995 1745 960 1876 823 360 868 1485 1873 1008 1204 1260 1078 836 1120 1091 1161 1600 1434 1042 1059 715 1126 1720 857 803 1491 963 1735 786 1290 1165 1291 954 1039 963 954 756 1844 1939 1428 987 873 1277 667 1854 967 1219 1015 1032 901 2009 1107 921 1391 562 673 2121 1129 1277 1287 1116 950 1442 857 1440 1917 706 1611 1403 1871 681 1430 1015 742 706 1760 1869 553 1273 561 858 1534 2010 964 1618 669 946 1033 1949 1080 905 1028 1354 1205 1037 1042 952 732 1553 687 926 983 1492 1552 1410 2096 586 599 1401 1652 750 934 874 1189 1168 638 863 649 1424 1662 640 629 920 1043 367 1492 467 801 891 1358 1387 586 814 1093 1069 1572 689 801 1748 957 943 1070 839 1230 975 1214 941 750 978 1466 1326 1605 1583 1334 1304 1607 1941 1089 944 1525 908 810 759 1361 1764 422 1524 1285 837 1310 994 984 1657 1276 1099 1420 1934 1125 963 596 1756 1028 1323 502 1249 1090 1950 1179 887 1752 743 2044 757 1118 2086 955 1442 1306 612 489 943 2117 832 1013 2051 2106 1211 2063 1218 959 670 942 1696 966 1263 1439 1514 1539 1234 1640 896 958 1103 2092 918
391 1473 794 446 848 433 575 449 1315 1054 841 625 566 1401 1153 889 1225 1225 995 838 1360 1326 842 1443 1361 975 780 1478 1183 639 1265 1465 1307 539 966 1001 1137 472 1090 900 1365 498 896 828 796 1004 1334 1155 1121 844 988 725 986 795 1314 966 372 1315 504 703 1228 435 550 1015 1476 1530 1009 545 821 586 581 467 472 440 1369 853 647 618 1446 1364 973 704 763 781 1267 1350 1112 966 473 1501 499 1159 1324 1351 1089 1430 1488 1294 1134 1414 1166 868 360 1381 1522 570 785 1130 879 430 655 600 693 1092 1499 1105 776 717 1056 1353 750 1258 1063 466 1333 582 1015 769 1404 446 548 952 453 637 1501 1467 983 627 814 775 568 1483 559 911 1289 536 779 1591 601 414 1294 677 993 1630 897 1013 1200 608 860 1293 670 1098 1414 1102 1111 895 1394 693 927 653 487 530 1359 1530 830 1351 886 716 1036 1565 474 1213 563 486 531 1517 572 437 520 878 1289 556 655 691 851 1510 1052 430 803 1013 1432 1444 1587 1014 1000 1453 1161 1168 463 475 680 662 1019 1024 1151 916 1519 623 894 434 534 864 991 763 932 385 956 934 927 556 591 621 1150 1132 665 1374 1363 435 995 523 806 472 927 1238 816 478 1223 973 1250 1157 889 823 1108 1434 655 546 1383 410 609 475 922 1264 846 1263 1439 762 801 596 1130 1387 1317 1324 912 1552 633 458 1021 1567 654 885 887 757 1011 1469 770 425 1308 1134 1545 1066 1177 1617 458 1005 863 618 997 464 1617 1089 511 1543 1631 775 1586 741 862 558 434 1192 738 1216 964 1007 1074 1429 1132 1062 750 1060 1584 1418
1360 2453 1392 1425 1848 1439 1442 1411 1370 698 1522 1568 1370 2375 2064 1890 1754 2197 1265 1818 2252 2325 1857 1046 2365 1543 1784 2029 1860 1613 2280 1224 773 1478 1985 2007 2009 1425 2016 1614 1665 1391 1239 1443 1610 1092 2319 1313 1186 1415 1035 1701 1762 1748 1255 1764 1387 2000 1312 1552 1381 1309 1202 1540 2081 2517 1972 1363 1111 1344 1193 1423 1485 1367 2390 989 1608 1580 2068 1230 859 1725 1424 1187 1848 2358 793 1963 1465 552 1293 2142 2289 2347 742 1040 1837 1308 979 1428 1237 1485 1381 360 1065 1566 1114 2150 861 1441 1233 1515 1615 1680 2480 2070 1795 1649 2064 1027 1742 1467 1133 1441 1135 1568 800 1749 2360 1397 1489 1935 1425 1603 2441 2185 1176 1643 993 1382 1438 2397 1572 897 1115 1471 993 2427 1382 1369 2313 1469 1788 2242 1918 2026 558 1425 919 475 1092 900 1709 1831 1503 1535 1499 1205 1639 1108 1404 1433 2247 2471 1624 2322 1297 1714 1737 2346 1456 1098 1361 1279 1455 1355 1415 1453 1413 1272 2255 1285 1124 1050 1757 530 1283 1427 1819 1316 2453 651 1972 1711 1725 2438 1868 1868 1300 1496 1433 1382 1310 1020 1568 1580 2539 1496 1228 1439 1401 1478 1692 1428 1052 1370 1900 1810 1292 1556 1350 1209 2035 1408 1649 1061 2069 1397 781 1227 1754 1428 865 2063 1743 1437 2233 942 954 2035 1793 1282 1492 1780 1631 1564 2404 1352 1604 1350 1150 1587 1527 707 892 1745 1479 1169 940 762 2301 2208 1572 2445 1530 1418 1720 2581 1664 1799 1616 1316 2018 1569 1100 1445 1285 1868 2113 1875 779 1601 1437 1155 1161 1433 1554 1462 1828 1940 1345 1917 2316 1718 2266 1261 1864 1396 1400 1794 1004 2224 1784 1646 1891 973 1691 1005 1767 2061 1958 1902
1443 2617 1250 1512 1996 1595 1445 1495 850 1029 1350 1564 1385 2255 2315 1881 1376 2379 997 1785 2521 2258 1969 1727 2307 1963 1796 2499 1550 1802 2264 580 682 1509 2023 1992 1819 1495 1880 1971 1171 1445 1693 1275 1488 893 2478 1866 837 1236 895 1691 2098 1958 730 1573 1520 2402 1543 1483 925 1480 1425 1251 1671 2408 1888 1392 1064 1622 1303 1496 1583 1463 2427 1412 1809 1590 2506 1867 957 1806 1300 1121 1476 2312 834 1933 1546 1240 1386 2064 2479 2485 1295 453 1323 800 1569 849 1807 1873 1522 1065 360 1615 1098 2221 1166 1593 1240 1511 1576 1369 2642 2263 1854 1875 2185 531 1908 2025 857 1518 608 1745 948 1731 2561 1484 1518 2107 1508 1799 2264 1835 949 1714 1381 1254 1683 2191 1646 1014 1747 1504 1340 2139 1371 1480 2382 1763 2115 1809 1972 2027 1140 1406 1312 986 1377 795 1197 2199 1142 1328 948 1551 1431 1249 1614 1658 2033 2292 1939 2503 1737 1871 1484 2021 1531 700 1624 1395 1487 702 1420 1563 1451 1093 2444 1339 1235 1284 2007 1205 1801 1527 1931 1025 2487 1357 1449 2087 2088 2594 1579 2255 1418 1622 1365 1330 1808 1555 2058 1365 2543 1750 1683 1541 1431 1866 1456 1780 1538 1499 1805 1671 1753 1716 1353 1263 1853 1932 1826 520 2462 1490 1248 1436 1699 1498 1019 2382 1976 1504 2203 917 633 1846 1682 1142 1131 1278 1639 1651 2426 1474 1770 1563 989 1138 1890 763 1586 1923 1330 1294 1530 664 2461 2484 1359 2211 1506 1496 2096 2540 1712 1697 1966 1213 2142 989 1111 1567 765 2236 1673 2198 1396 953 1518 919 1043 1708 1981 1549 1241 2237 1402 1399 1921 1666 1876 1189 2008 1649 1493 1452 1266 2337 1604 1384 1680 1658 1356 1560 1879 2198 1432 2395
446 1363 771 502 753 557 532 515 1328 1231 757 456 591 1192 1114 685 1120 1133 1021 627 1318 1123 715 1653 1161 1109 578 1563 1036 644 1074 1524 1441 466 787 801 938 501 881 1000 1308 541 1089 780 657 1082 1224 1343 1171 811 1084 514 1044 774 1355 801 560 1370 706 575 1231 644 758 947 1328 1324 798 586 917 767 734 503 460 558 1199 1063 665 429 1512 1565 1120 550 723 854 1141 1152 1253 761 463 1698 633 950 1233 1229 1295 1522 1405 1320 1344 1423 1361 1008 570 1566 1615 360 888 973 1067 550 741 481 514 986 1388 1027 603 738 930 1444 689 1430 1127 484 1401 600 1170 558 1317 529 458 869 501 653 1290 1292 1037 458 1023 757 705 1274 406 1063 1495 471 986 1390 604 561 1137 805 1040 1474 726 820 1393 575 1066 1471 877 1217 1354 1164 1067 812 1383 897 804 818 647 669 1153 1319 910 1254 1070 653 898 1374 470 1285 739 647 488 1553 556 494 527 904 1199 654 807 884 858 1704 1240 506 678 1023 1261 1648 1488 1100 1077 1339 1006 1233 627 496 635 653 1203 1233 1298 817 1339 729 1088 497 546 1006 860 913 1141 569 747 743 1113 564 623 737 947 1305 643 1459 1407 530 1197 731 599 498 1085 1241 813 489 1027 1097 1353 956 692 848 1067 1358 447 428 1207 581 595 667 988 1214 970 1409 1650 713 734 757 1341 1524 1208 1288 815 1344 506 508 1105 1374 461 685 983 774 887 1451 884 510 1341 1189 1402 1095 1387 1612 490 1064 932 760 1130 469 1559 1094 588 1450 1458 572 1415 787 762 718 527 1067 932 1082 791 898 892 1640 1029 1272 628 944 1487 1525
706 1882 641 775 1258 858 727 757 935 783 770 855 659 1637 1578 1186 1064 1641 637 1100 1785 1604 1236 1445 1649 1306 1089 1841 1127 1064 1582 1045 915 784 1311 1304 1255 759 1269 1277 1087 711 1102 694 858 583 1743 1342 716 671 563 991 1388 1220 907 1010 782 1708 830 810 869 750 726 829 1381 1784 1238 662 399 921 573 759 845 724 1723 882 1072 876 1828 1463 618 1076 670 437 1144 1647 734 1251 810 1280 647 1414 1741 1753 976 1006 1245 901 1164 1034 1315 1204 785 1114 1098 888 360 1501 699 855 507 800 887 962 1908 1524 1131 1141 1453 929 1169 1483 649 782 910 1007 676 1036 1822 745 793 1368 770 1062 1692 1453 585 984 832 629 962 1644 913 577 1356 778 773 1676 656 741 1665 1055 1400 1546 1253 1331 986 697 809 1004 736 689 1138 1498 849 790 1039 904 889 550 887 932 1493 1722 1228 1766 1126 1132 993 1603 795 790 915 659 760 1108 700 825 721 562 1706 601 521 645 1275 1274 1249 788 1197 679 1785 1281 1369 1395 1389 1860 1129 1560 681 883 686 637 1236 1086 1446 834 1855 1027 1094 803 702 1198 946 1100 1020 761 1161 1059 1156 978 629 524 1282 1366 1088 949 1763 752 871 727 1025 762 609 1657 1241 769 1527 570 829 1282 1047 545 840 1185 928 916 1728 736 1031 840 518 986 1205 891 1377 1184 726 572 1140 998 1726 1749 826 1691 805 759 1404 1875 989 1056 1268 563 1409 1120 388 828 908 1532 1429 1479 1099 1246 781 598 469 996 1327 812 1321 1510 666 1316 1596 988 1547 507 1270 933 755 1080 664 1609 1030 910 1137 1404 984 1113 1145 1463 1359 1758
1047 804 1341 1100 686 1070 1138 1116 1883 1825 1272 1016 1203 888 838 720 1518 678 1601 818 953 742 655 2090 738 1312 787 1513 1347 917 606 2110 2055 1078 562 643 1044 1109 915 1158 1773 1153 1473 1330 1128 1687 686 1667 1760 1367 1694 893 1075 834 1932 1142 1125 1274 1206 1105 1781 1200 1308 1441 1573 934 813 1199 1529 1202 1337 1109 1032 1157 605 1575 930 991 1416 1932 1730 790 1290 1463 1487 709 1865 703 1060 2260 1237 745 747 660 1834 2127 1813 1888 1801 1969 1719 1260 1130 2150 2221 973 1501 360 1649 1068 1354 1069 1010 1409 824 680 730 922 504 2049 790 1685 1725 1087 1996 950 1778 857 822 1129 1068 664 1102 931 1054 1431 1634 880 1549 1333 1103 1107 952 1671 1901 1083 1529 1329 1211 1149 524 1126 1046 1663 608 596 1964 1175 1610 2064 1423 1831 1807 1151 1576 1314 1909 1361 1245 1417 1114 1095 1093 1070 1070 746 1427 809 1275 1401 1073 1885 1178 1243 1101 2121 1164 1062 1141 1492 725 1266 1412 1460 893 2273 1583 1093 692 1591 667 2186 1851 1179 1144 775 1303 1204 1220 1014 1216 1250 1535 1689 1489 1295 768 1063 1478 1079 1159 1263 1265 1227 1602 1143 875 1017 1465 956 1233 1349 1019 1584 879 2062 1269 1127 1750 1283 909 1105 1690 1035 870 1097 625 1710 1963 1035 974 1440 1581 1783 941 955 629 1164 914 1165 1592 1699 1198 2020 2130 799 1274 1357 1812 2137 676 951 1297 1196 1074 1112 1177 855 872 954 1141 1367 531 1963 1497 1067 1913 1150 1655 1027 1901 2132 1090 1663 1538 1131 1325 1061 2000 958 1200 1830 1578 934 1553 1392 669 1142 1124 1433 1506 509 1109 1336 1126 2098 1451 1728 742 539 1857 1548
861 1967 968 925 1352 939 957 912 1196 544 1092 1077 887 1888 1597 1393 1403 1713 951 1325 1795 1830 1358 1109 1869 1162 1285 1694 1460 1121 1781 1204 873 984 1484 1509 1549 927 1540 1189 1406 897 887 1023 1150 821 1831 1080 965 1005 762 1208 1328 1263 1126 1318 885 1611 820 1080 1156 808 704 1168 1720 2026 1485 876 719 869 700 925 985 868 1889 609 1118 1087 1706 1151 581 1224 986 774 1483 1860 692 1467 966 992 798 1651 1807 1855 637 1089 1570 1146 843 1286 1035 1078 879 861 1166 1067 699 1649 360 941 770 1027 1130 1300 1994 1586 1294 1166 1567 1027 1248 1235 891 943 1070 1073 578 1255 1882 898 996 1444 926 1112 1966 1784 874 1142 575 953 955 1930 1071 544 1038 978 536 1988 905 869 1812 1006 1350 1885 1416 1526 687 947 511 776 606 750 1456 1417 1181 1121 1317 759 1212 617 911 944 1787 1996 1176 1838 931 1218 1321 1926 957 967 881 780 962 1305 931 952 921 899 1772 799 640 548 1285 996 1004 926 1319 1000 1952 961 1699 1300 1306 1950 1458 1467 801 995 971 920 1006 786 1252 1162 2038 1018 877 938 912 1071 1272 995 744 869 1417 1344 947 1058 872 732 1572 1133 1155 1059 1674 898 531 728 1268 930 521 1625 1265 939 1735 666 911 1574 1318 883 1172 1510 1137 1063 1903 851 1107 856 817 1308 1104 806 1038 1252 1045 675 814 940 1813 1753 1155 1986 1046 919 1310 2081 1164 1322 1187 888 1521 1398 674 944 1141 1454 1768 1436 760 1495 937 871 792 961 1179 962 1625 1490 854 1644 1931 1232 1882 830 1368 914 900 1418 504 1727 1333 1244 1445 1065 1323 804 1267 1566 1688 1588
424 1403 845 475 778 368 609 487 1377 1118 878 626 618 1363 1083 848 1260 1155 1058 808 1290 1281 777 1469 1314 941 741 1429 1202 569 1214 1533 1377 557 911 956 1128 504 1070 853 1414 545 899 874 815 1073 1265 1153 1188 894 1058 702 928 725 1380 977 432 1258 521 722 1289 492 601 1059 1496 1488 980 599 891 577 652 500 452 499 1309 892 578 610 1392 1375 1042 648 810 849 1295 1301 1182 926 478 1556 568 1121 1253 1283 1138 1500 1530 1358 1162 1476 1171 836 430 1441 1593 550 855 1068 941 360 723 615 693 1126 1429 1034 722 649 989 1424 680 1245 1131 488 1402 512 1084 741 1333 491 562 881 482 567 1472 1474 1050 581 857 826 529 1460 524 981 1307 556 828 1580 650 476 1231 637 933 1647 840 964 1257 648 909 1356 719 1169 1462 1046 1161 933 1452 710 954 722 459 489 1342 1500 776 1281 881 646 1058 1562 487 1283 549 557 558 1583 614 428 561 940 1218 622 725 752 784 1567 1051 453 738 1074 1372 1492 1625 964 947 1383 1177 1113 534 421 722 712 1014 1049 1124 950 1461 572 898 445 579 833 1015 735 957 453 935 930 923 485 646 691 1137 1120 594 1444 1304 481 1048 575 789 503 995 1172 747 504 1175 1044 1321 1146 882 884 1159 1478 637 505 1324 478 538 480 989 1314 807 1332 1474 692 842 666 1161 1457 1247 1254 946 1531 649 493 970 1514 614 875 838 816 943 1526 841 410 1374 1076 1567 1003 1220 1677 481 1072 930 583 963 467 1666 1023 570 1582 1640 762 1596 804 793 532 478 1220 797 1149 971 1039 1076 1460 1167 1089 686 991 1622 1376
563 1737 575 632 1115 727 581 614 1024 895 687 710 511 1504 1444 1041 1036 1498 705 958 1651 1464 1090 1485 1508 1226 942 1752 1061 930 1437 1170 1062 636 1164 1159 1142 614 1143 1178 1115 565 1063 628 741 712 1598 1316 825 622 705 846 1277 1086 1018 907 651 1603 732 679 942 639 654 802 1335 1649 1102 514 537 828 489 615 702 585 1576 891 941 730 1729 1471 752 929 580 485 1103 1505 878 1108 665 1388 517 1276 1598 1607 1042 1147 1258 1000 1188 1124 1302 1120 655 1233 1240 741 507 1354 770 723 360 655 747 917 1762 1383 984 1012 1307 1070 1028 1446 768 637 1040 873 808 892 1680 604 646 1226 627 930 1568 1380 687 837 840 557 851 1526 767 701 1373 630 783 1578 512 606 1518 952 1286 1499 1106 1186 1086 555 841 1128 710 836 1167 1391 862 723 1111 851 805 532 771 817 1380 1598 1118 1622 1075 992 917 1517 650 921 816 539 613 1221 554 684 573 593 1563 460 499 644 1147 1387 1218 648 1051 731 1638 1371 1373 1295 1285 1715 1054 1455 558 744 562 510 1197 1096 1382 762 1709 912 1056 662 555 1115 868 1014 1017 631 1027 939 1110 841 483 416 1166 1324 951 1087 1654 611 935 645 886 617 729 1534 1110 623 1384 717 973 1167 919 544 856 1201 782 771 1582 605 894 732 626 1012 1112 1034 1437 1045 639 505 1170 1144 1581 1616 755 1579 663 615 1303 1732 841 926 1167 503 1263 1189 506 690 1013 1424 1391 1361 1158 1330 637 709 567 892 1248 668 1362 1385 521 1323 1533 849 1484 458 1127 827 614 1033 682 1462 922 849 1034 1452 948 1128 999 1318 1366 1679
450 1474 650 514 872 623 434 514 1208 1177 639 415 506 1221 1236 746 1011 1250 904 664 1439 1172 829 1667 1214 1196 649 1669 947 757 1142 1410 1356 421 874 864 907 490 877 1099 1190 495 1137 659 559 978 1336 1396 1057 689 986 551 1154 894 1239 725 588 1483 745 467 1111 659 761 828 1241 1362 818 512 824 824 686 495 528 546 1284 1066 777 438 1623 1601 1047 663 602 755 1041 1210 1173 813 497 1659 594 987 1349 1338 1275 1417 1291 1202 1359 1303 1406 1091 600 1515 1511 481 800 1069 1027 615 655 360 464 877 1498 1146 703 852 1040 1340 810 1496 1018 494 1290 708 1101 597 1433 522 413 989 507 765 1300 1226 927 575 1021 637 784 1271 526 993 1522 424 976 1360 504 563 1231 891 1153 1393 820 891 1354 466 1051 1414 872 1127 1235 1275 946 694 1262 931 700 770 712 745 1137 1330 1014 1369 1126 774 803 1327 489 1177 799 620 433 1435 461 546 468 789 1315 589 751 856 976 1661 1293 531 793 904 1345 1623 1379 1204 1184 1450 923 1343 607 582 515 541 1259 1251 1380 704 1414 820 1135 533 475 1089 760 991 1161 586 750 699 1168 671 531 666 923 1370 761 1353 1522 530 1173 735 600 489 1019 1361 932 483 1088 1011 1253 929 661 735 946 1243 488 543 1288 584 710 714 882 1094 1060 1330 1649 834 613 712 1351 1438 1320 1410 701 1333 393 504 1210 1437 564 661 1083 660 998 1329 801 565 1224 1301 1312 1212 1377 1490 502 955 829 839 1218 508 1441 1214 534 1339 1390 564 1345 682 880 786 530 966 904 1188 723 789 834 1647 919 1289 746 1057 1377 1624
546 1431 691 608 859 701 533 612 1239 1276 636 427 604 1120 1232 665 974 1221 951 574 1430 1077 803 1769 1121 1263 583 1714 881 793 1057 1460 1439 519 809 780 805 589 772 1154 1181 599 1228 682 510 1047 1296 1485 1110 719 1062 476 1193 910 1283 647 681 1517 837 456 1138 757 863 822 1173 1263 717 613 907 909 790 593 601 648 1211 1169 816 445 1660 1697 1140 644 640 833 989 1119 1262 724 581 1761 698 889 1318 1292 1380 1483 1265 1240 1460 1330 1499 1161 693 1615 1576 514 887 1010 1130 693 747 464 360 842 1455 1127 661 887 1000 1406 817 1579 1079 587 1347 753 1195 515 1403 622 508 974 603 804 1196 1141 987 575 1125 683 857 1166 559 1088 1621 524 1080 1259 594 662 1167 959 1188 1319 765 812 1456 552 1156 1512 976 1209 1223 1313 951 687 1279 1027 659 873 792 819 1033 1226 1064 1335 1213 784 745 1232 579 1237 882 724 536 1474 559 628 572 844 1286 691 852 960 1000 1763 1382 622 771 942 1271 1727 1342 1253 1230 1406 852 1382 711 647 571 613 1347 1352 1451 682 1333 883 1226 621 579 1159 709 1065 1262 682 646 600 1256 717 625 765 820 1453 788 1416 1551 628 1277 837 499 587 1115 1374 954 580 1000 1097 1326 826 558 794 953 1221 452 582 1211 683 745 803 950 1092 1124 1418 1753 844 628 815 1453 1522 1281 1404 682 1229 444 602 1258 1347 545 557 1138 723 961 1341 891 646 1265 1337 1248 1238 1482 1506 595 1016 901 912 1284 592 1427 1230 638 1306 1307 462 1263 756 864 865 628 917 1008 1138 638 755 743 1751 886 1390 732 1022 1342 1678
945 1853 702 1013 1333 1133 878 1004 909 1372 611 890 896 1275 1708 1053 494 1671 784 960 1901 1312 1268 2039 1365 1706 1023 2187 546 1270 1359 1188 1368 930 1214 1131 830 983 922 1616 724 955 1601 649 691 955 1726 1860 914 657 1008 933 1670 1393 1007 629 1081 1996 1225 772 814 1125 1190 500 780 1427 976 918 949 1317 1039 988 1044 1016 1552 1449 1291 918 2139 2028 1188 1122 706 885 546 1378 1253 1068 1009 1861 1008 1130 1764 1709 1578 1288 783 941 1745 971 1853 1600 1092 1680 1369 986 962 1409 1300 1126 917 877 842 360 1873 1591 1121 1364 1440 1223 1299 1979 935 998 1121 1224 1245 946 1847 1006 927 1445 1005 1279 1261 865 870 1058 1398 720 1294 1183 1033 1166 1931 930 1340 1138 860 1041 1544 1403 1667 944 1196 1176 1579 844 1394 1565 1266 1156 758 1790 587 561 890 1386 543 1089 1217 1255 1026 1289 1532 1775 1604 1266 499 1035 998 1052 1295 1042 928 1149 880 1058 931 772 1734 956 1055 1201 1482 1849 1759 1034 1242 737 1603 1878 862 1722 1701 1824 569 1859 1045 1099 774 806 1732 1654 1884 536 1629 1336 1596 1040 918 1596 504 1495 1574 1070 900 753 1643 1187 882 972 866 1853 1268 1217 2032 1016 1472 1172 876 984 1200 1856 1436 982 1293 1099 1193 856 795 777 598 742 934 1054 1539 1056 1222 1205 890 660 1573 1384 1978 1327 655 1060 1726 1441 1713 1878 540 1201 845 996 1727 1593 1027 815 1600 778 1409 928 986 1075 975 1815 833 1720 1699 1097 1005 895 885 1348 1728 1020 955 1713 957 823 997 863 948 834 1335 1290 1018 477 1237 1555 662 448 692 2001 404 1686 1209 1469 861 2141
1442 387 1783 1493 1012 1429 1560 1510 2334 2177 1725 1450 1617 1228 819 1181 1982 642 2042 1278 739 1086 1033 2285 1051 1441 1234 1409 1809 1233 958 2549 2446 1494 1020 1106 1495 1509 1368 1303 2237 1557 1688 1777 1584 2110 525 1815 2196 1814 2108 1339 1167 1092 2376 1606 1498 1190 1533 1551 2233 1558 1650 1900 2023 1195 1274 1610 1940 1496 1720 1508 1422 1546 772 1864 1235 1421 1294 2084 2112 1197 1732 1881 1949 1018 2251 1167 1458 2563 1626 1174 559 524 2128 2549 2277 2335 2032 2423 1885 1434 1499 2480 2642 1388 1908 824 1994 1429 1762 1498 1455 1873 360 770 1156 1191 818 2471 1110 1782 2155 1485 2428 1284 2153 1309 518 1522 1486 910 1497 1242 1391 1865 2065 1289 1851 1772 1402 1470 1356 2051 2085 1499 1847 1708 1633 1532 714 1379 1133 2099 1050 1059 2285 1601 1922 2408 1751 2233 2271 1178 2035 1770 2367 1642 1707 1792 1442 1409 1500 1396 1251 522 1632 1143 1739 1805 1472 2313 1478 1623 1515 2569 1584 1445 1551 1928 590 1667 1794 1810 1090 2581 1754 1480 1071 2036 767 2464 2312 1264 1232 409 1764 1197 1600 1389 1652 1679 1706 1928 1571 1754 856 1344 1696 1466 1571 1440 1729 1446 1852 1518 1339 1481 1661 1305 1650 1746 1467 1712 1200 2487 1150 1517 2062 1629 1367 1505 2065 947 1098 1499 1014 2109 2376 1483 1437 1874 2039 2247 1376 1351 810 1542 1252 1498 2016 2161 1375 2402 2359 1102 1723 1735 2052 2527 542 773 1756 1553 1510 1508 1257 996 1294 1417 1292 1799 860 2423 1899 1445 2359 1156 2103 1066 2170 2592 1486 2092 1960 1408 1445 1455 2464 980 1602 2292 1999 1390 1981 1815 998 1443 1514 1896 1850 679 1573 1799 1587 2309 1915 1963 1123 804 2318 1495
1060 743 1437 1111 633 1033 1198 1129 1995 1770 1403 1104 1247 1208 518 919 1714 487 1687 998 672 1063 684 1895 1056 1066 927 1195 1569 830 925 2187 2050 1128 778 899 1305 1131 1181 918 1944 1180 1288 1441 1272 1735 614 1439 1835 1474 1727 1021 801 683 2021 1339 1105 956 1126 1218 1897 1158 1245 1589 1825 1249 1065 1236 1559 1086 1327 1129 1041 1160 856 1454 829 1074 1096 1709 1715 845 1388 1506 1703 1025 1854 943 1080 2153 1238 1046 580 655 1718 2170 2012 1988 1631 2089 1503 1042 1105 2070 2263 1027 1524 680 1586 1034 1383 1146 1127 1591 770 360 830 781 549 2093 715 1429 1787 1107 2061 884 1753 1004 659 1139 1122 517 1116 837 1374 1707 1699 930 1440 1423 993 1423 988 1653 1698 1133 1437 1639 1267 1143 745 970 768 1933 766 856 1875 1241 1512 2000 1342 1843 1984 853 1718 1454 2044 1232 1411 1394 1037 1002 1395 1390 852 611 1234 751 1469 1699 1095 1943 1069 1231 1147 2220 1219 1059 1179 1570 545 1284 1400 1404 682 2171 1368 1096 715 1690 902 2056 2070 906 871 729 1528 897 1208 1001 1302 1320 1320 1524 1222 1446 1018 933 1295 1081 1200 1047 1447 1042 1446 1126 1104 1223 1265 909 1279 1360 1287 1343 800 2111 949 1133 1652 1225 1076 1127 1665 715 688 1122 944 1718 1993 1303 1169 1514 1720 1974 1038 978 894 1151 855 1092 1645 1858 981 2003 1960 702 1390 1340 1649 2129 596 656 1447 1512 1164 1128 901 1135 946 1150 904 1439 558 2108 1513 1056 2009 845 1907 727 1763 2272 1106 1725 1587 998 1075 1075 2186 649 1222 2041 1862 1088 1833 1447 625 1034 1129 1639 1443 604 1311 1508 1358 1914 1635 1561 759 510 2073 1238
680 1132 986 734 576 727 769 749 1540 1465 937 653 833 1020 949 517 1247 919 1245 548 1139 923 507 1813 953 1142 462 1507 1114 648 851 1753 1684 707 550 602 902 740 800 1003 1474 783 1212 983 802 1320 996 1444 1400 1018 1325 551 991 683 1579 877 769 1289 877 756 1440 849 963 1120 1387 1134 685 829 1159 902 971 741 669 791 958 1252 671 625 1437 1691 1362 435 935 1094 1242 939 1495 589 693 1917 870 781 1017 995 1501 1760 1544 1539 1510 1631 1479 1059 776 1795 1854 603 1131 730 1294 722 984 703 661 1121 1156 830 360 712 699 1682 584 1502 1361 720 1634 650 1411 536 1101 763 698 684 735 664 1147 1300 1270 512 1219 976 810 1154 585 1303 1639 713 1191 1318 843 786 894 875 976 1512 483 603 1616 808 1272 1704 1082 1460 1514 1103 1252 986 1580 1056 941 1053 792 788 1066 1173 904 1033 1178 567 1003 1337 705 1520 873 879 730 1772 795 702 770 1132 984 897 1046 1106 778 1926 1348 729 484 1240 1021 1855 1607 1075 1044 1107 1075 1170 856 663 855 884 1304 1396 1335 977 1104 796 1214 716 789 1059 979 989 1305 785 682 769 1220 638 864 979 896 1384 618 1696 1311 761 1410 936 610 736 1324 1110 733 728 813 1340 1594 910 713 1078 1254 1504 579 591 969 803 617 835 1225 1389 1005 1651 1830 612 929 992 1513 1767 980 1116 977 1235 713 744 1077 1151 502 694 984 1004 660 1641 1127 710 1562 1119 1467 1005 1581 1808 723 1299 1171 854 1161 695 1716 977 830 1576 1464 618 1428 1024 576 841 758 1175 1153 844 852 1038 917 1809 1165 1436 471 720 1609 1498
704 1164 1122 754 596 645 875 770 1665 1350 1131 834 901 1351 801 869 1498 908 1346 886 1006 1235 649 1527 1253 791 795 1188 1405 454 1131 1822 1642 809 841 937 1244 781 1150 651 1680 828 911 1143 1034 1362 1031 1115 1478 1168 1344 828 666 459 1670 1165 721 992 707 953 1574 755 828 1320 1693 1447 1037 884 1178 665 931 777 696 788 1166 1037 435 806 1134 1375 1306 655 1081 1138 1516 1232 1446 938 737 1735 856 1122 1001 1062 1302 1783 1783 1647 1241 1763 1161 715 717 1649 1875 738 1141 922 1166 649 1012 852 887 1364 1191 781 712 360 801 1708 503 1157 1420 759 1690 506 1341 844 1075 776 808 651 761 447 1490 1632 1339 678 1021 1104 571 1504 691 1244 1339 811 1016 1670 930 766 1068 564 662 1831 774 922 1454 919 1091 1579 921 1445 1727 786 1432 1187 1735 816 1182 990 623 583 1418 1515 552 1033 865 505 1272 1683 751 1571 647 841 820 1872 887 698 837 1227 966 912 1000 987 494 1753 1025 734 628 1360 1225 1645 1867 733 706 1149 1372 855 819 642 991 991 978 1130 984 1195 1330 513 915 721 857 716 1236 665 1045 741 1026 1082 904 543 931 978 1242 1044 462 1729 1030 767 1231 810 917 778 1253 883 461 776 1113 1320 1602 1255 1025 1171 1432 1735 799 670 1191 767 502 678 1279 1583 657 1590 1571 485 1103 941 1254 1719 1013 968 1192 1586 881 773 736 1414 717 1011 633 1101 760 1807 1125 688 1663 811 1770 721 1354 1962 755 1362 1220 579 809 728 1932 734 859 1828 1798 906 1759 1093 613 612 764 1444 1024 954 1149 1276 1235 1536 1408 1168 606 788 1866 1160
989 794 1325 1040 576 989 1102 1058 1879 1747 1274 991 1160 1025 706 751 1558 592 1583 840 849 883 577 1965 882 1172 783 1373 1402 813 749 2090 1998 1036 598 714 1123 1054 998 1019 1800 1102 1349 1322 1135 1652 657 1533 1737 1357 1652 886 931 707 1918 1180 1053 1135 1112 1095 1779 1121 1222 1453 1648 1078 884 1153 1484 1096 1273 1054 970 1095 729 1471 821 963 1278 1800 1667 739 1275 1424 1538 853 1805 763 1003 2164 1175 857 683 660 1733 2092 1856 1878 1683 1970 1588 1126 1056 2064 2185 930 1453 504 1567 989 1307 1040 1000 1440 818 549 699 801 360 2014 683 1545 1696 1031 1970 855 1711 860 767 1070 1028 523 1044 825 1189 1523 1606 831 1449 1315 996 1235 900 1606 1774 1041 1435 1449 1174 1083 627 1006 902 1751 604 670 1874 1143 1514 1983 1332 1780 1838 1007 1586 1321 1917 1252 1266 1349 1019 994 1205 1207 934 696 1300 709 1312 1510 1018 1855 1073 1176 1057 2112 1126 996 1094 1469 653 1213 1348 1379 755 2179 1451 1029 616 1579 786 2081 1906 1036 1000 770 1359 1060 1153 942 1194 1220 1403 1572 1347 1308 896 950 1354 1015 1114 1130 1295 1100 1487 1072 930 1059 1337 868 1192 1294 1103 1447 775 2029 1133 1065 1655 1198 925 1050 1623 901 737 1044 761 1657 1921 1120 1009 1415 1590 1821 919 896 760 1095 819 1073 1558 1719 1063 1958 2013 685 1268 1290 1695 2079 641 840 1309 1324 1052 1055 1033 994 835 989 1002 1340 405 1976 1446 997 1902 1006 1730 882 1793 2144 1033 1634 1502 1017 1185 1002 2036 815 1147 1880 1675 943 1647 1357 559 1037 1062 1478 1422 520 1150 1361 1186 1976 1483 1610 669 399 1910 1405
1273 2446 1081 1342 1825 1427 1273 1324 745 914 1185 1392 1213 2093 2147 1711 1243 2209 833 1616 2353 2092 1798 1649 2141 1814 1625 2352 1407 1633 2096 560 614 1338 1852 1823 1661 1324 1718 1814 1068 1274 1554 1108 1321 722 2307 1742 675 1069 725 1520 1938 1789 618 1413 1351 2246 1380 1313 798 1313 1264 1098 1552 2246 1722 1221 894 1462 1136 1325 1412 1293 2257 1277 1641 1418 2354 1767 810 1634 1131 950 1344 2146 704 1764 1375 1216 1217 1899 2308 2314 1192 437 1232 686 1462 776 1689 1720 1353 1027 531 1444 929 2049 1027 1424 1070 1340 1406 1223 2471 2093 1682 1708 2014 360 1738 1899 688 1347 482 1576 811 1561 2390 1313 1346 1936 1337 1631 2108 1704 779 1542 1242 1085 1519 2039 1474 862 1647 1332 1196 1999 1200 1311 2210 1602 1954 1698 1801 1857 1059 1234 1177 930 1223 641 1102 2041 999 1166 863 1400 1271 1085 1449 1493 1881 2137 1778 2333 1595 1701 1331 1887 1360 535 1462 1227 1316 688 1248 1393 1279 924 2273 1168 1069 1128 1841 1185 1670 1357 1759 864 2316 1310 1364 1931 1930 2423 1433 2098 1250 1452 1194 1159 1673 1435 1919 1205 2374 1585 1544 1371 1260 1714 1299 1625 1408 1331 1639 1507 1613 1547 1181 1093 1695 1800 1657 395 2305 1320 1131 1273 1530 1327 872 2218 1808 1333 2035 756 476 1689 1516 971 988 1181 1467 1480 2257 1305 1600 1398 817 1018 1734 686 1519 1753 1163 1128 1424 643 2290 2316 1198 2063 1335 1325 1940 2374 1541 1530 1808 1043 1970 922 943 1397 654 2077 1562 2035 1302 933 1347 749 871 1546 1833 1378 1182 2072 1231 1311 1802 1496 1755 1018 1837 1486 1323 1314 1115 2166 1444 1229 1524 1584 1214 1444 1708 2027 1347 2252
706 1083 1098 756 467 679 853 774 1654 1430 1084 778 896 1208 786 737 1430 835 1341 769 991 1092 506 1663 1111 931 679 1286 1317 490 989 1835 1698 783 698 797 1126 777 1024 785 1635 827 1047 1110 968 1381 945 1258 1484 1140 1372 735 767 460 1673 1077 750 1072 790 898 1559 808 903 1274 1598 1304 907 883 1203 774 972 775 688 805 1035 1148 500 748 1219 1516 1363 545 1052 1152 1438 1090 1502 802 727 1841 882 981 933 966 1410 1815 1723 1643 1371 1750 1303 857 750 1742 1908 689 1169 790 1248 680 1028 810 817 1299 1110 715 584 503 683 1738 360 1299 1434 754 1707 535 1403 740 1014 784 779 561 762 502 1349 1522 1348 602 1126 1083 674 1366 645 1301 1477 787 1112 1539 919 787 943 699 753 1729 632 780 1551 897 1191 1664 1010 1488 1679 881 1396 1138 1712 932 1116 1042 698 671 1287 1374 687 960 1004 397 1194 1561 742 1589 751 876 800 1873 871 704 828 1223 898 929 1046 1062 555 1856 1167 740 485 1347 1096 1760 1797 851 820 1064 1281 948 852 645 963 975 1120 1259 1122 1138 1198 633 1052 726 849 859 1163 805 1171 771 906 981 1044 555 928 1005 1120 1187 453 1756 1100 777 1332 880 816 774 1314 916 510 769 970 1363 1637 1134 923 1166 1396 1678 725 631 1059 795 502 752 1292 1542 799 1652 1700 388 1063 987 1381 1777 928 960 1137 1450 834 774 853 1276 633 907 767 1092 638 1780 1157 700 1662 898 1677 789 1472 1941 752 1373 1234 700 948 722 1883 773 867 1762 1686 813 1649 1096 484 715 774 1368 1103 842 1056 1212 1132 1668 1344 1298 473 678 1798 1274
1289 1757 1651 1343 1378 1237 1471 1347 2049 1355 1728 1512 1443 2148 1326 1658 2108 1535 1761 1656 1434 2028 1443 938 2043 734 1571 959 2081 1214 1915 2079 1710 1436 1637 1734 2003 1370 1927 887 2200 1389 743 1696 1694 1673 1662 518 1819 1701 1621 1570 988 1222 1995 1862 1270 1026 1117 1601 1992 1214 1154 1882 2374 2238 1820 1421 1519 1032 1317 1365 1338 1328 1911 987 1191 1495 1032 694 1457 1435 1635 1535 2159 2019 1556 1731 1360 1433 1331 1918 1589 1716 1109 1955 2345 2006 847 2145 589 803 1258 1467 2025 1430 1483 1685 1235 1245 1446 1496 1579 1979 1782 1429 1502 1157 1545 1899 1299 360 1745 1362 1946 1223 1448 1601 1626 1342 1443 1382 1350 1198 2287 2360 1704 1422 1029 1630 1085 2297 1394 1415 755 1433 1084 2447 1479 1304 1802 994 1021 2529 1571 1719 1295 1498 1084 1470 1108 1625 2251 964 1949 1778 2161 956 1823 1298 1146 1121 2200 2312 979 1627 735 1301 1933 2443 1367 1841 1057 1298 1430 2179 1463 1312 1415 1668 1565 1386 1331 1199 1152 1470 595 1325 1425 1799 1964 1283 2458 884 919 1757 2059 955 1294 1293 1565 1533 609 831 571 1805 2077 1074 750 1323 1425 802 1887 880 851 1276 1795 1813 697 1249 1457 1390 2008 486 1244 1932 1094 1333 1137 1169 1662 1370 1396 1210 1180 1375 1904 1537 1784 2018 1762 1627 1943 2288 1515 1371 1944 1286 1250 1143 1638 2097 859 1631 1071 1277 1683 1302 887 1757 1647 1390 1800 2377 1530 1357 890 2180 1463 1753 904 1588 1514 2242 1455 1293 2006 989 2441 1077 1048 2357 1354 1711 1593 1031 720 1349 2442 1163 1382 2409 2526 1640 2481 1544 1394 1073 1332 2085 1187 1667 1856 1898 1962 991 2016 832 1401 1518 2452 820
968 2130 753 1037 1515 1135 954 1020 665 874 859 1069 900 1771 1853 1383 987 1898 514 1288 2060 1765 1482 1621 1814 1592 1299 2129 1121 1339 1768 762 793 1021 1526 1495 1345 1016 1394 1566 901 966 1372 781 993 432 1992 1597 434 743 489 1194 1676 1495 619 1094 1059 1997 1119 986 629 1037 1014 798 1313 1923 1394 911 609 1210 861 1018 1106 994 1929 1123 1349 1096 2117 1683 692 1317 803 642 1085 1818 700 1436 1067 1322 924 1571 1998 1995 1137 764 1073 621 1374 759 1560 1491 1063 1133 857 1127 649 1725 891 1131 768 1018 1079 935 2155 1787 1361 1420 1696 688 1434 1745 360 1040 634 1281 736 1234 2081 1010 1029 1629 1032 1339 1794 1436 451 1225 1077 757 1250 1729 1161 708 1568 1016 1021 1710 882 1015 1885 1344 1688 1472 1477 1530 1075 913 1034 1018 1010 593 948 1787 733 845 785 1184 953 835 1173 1218 1571 1823 1516 2021 1401 1397 1024 1610 1051 519 1204 941 1001 819 931 1091 967 596 1963 869 809 913 1555 1304 1510 1055 1445 558 1989 1369 1207 1685 1678 2106 1139 1849 962 1151 869 836 1502 1315 1725 886 2046 1314 1363 1068 947 1485 988 1388 1263 1039 1311 1182 1428 1250 867 804 1378 1633 1359 697 2051 1018 1046 1016 1201 1019 737 1941 1519 1024 1707 592 626 1373 1189 645 722 1014 1144 1168 1929 1013 1302 1128 502 816 1493 813 1523 1452 835 861 1343 867 1975 2025 879 1760 1010 1019 1693 2046 1221 1203 1557 717 1654 867 672 1098 623 1821 1341 1765 1262 971 1041 422 560 1285 1613 1071 1100 1793 927 1151 1554 1168 1505 700 1526 1221 1021 1040 918 1846 1123 924 1210 1568 936 1336 1394 1711 1193 2043
322 1460 723 381 837 495 482 390 1267 1107 750 520 503 1313 1175 810 1132 1221 951 747 1382 1248 814 1544 1286 1068 702 1556 1079 669 1198 1441 1328 433 908 926 1032 383 990 980 1289 433 1003 748 692 988 1321 1262 1091 771 983 631 1050 820 1280 860 454 1381 611 598 1176 530 641 932 1373 1447 915 489 814 690 612 382 426 434 1318 948 684 516 1517 1470 1002 657 685 759 1168 1277 1137 885 387 1573 510 1073 1321 1331 1172 1425 1402 1253 1235 1366 1272 963 466 1441 1518 484 782 1087 943 488 637 494 587 998 1485 1107 720 759 1031 1347 754 1362 1040 360 1314 613 1051 677 1403 404 441 950 377 672 1407 1360 953 567 906 705 656 1385 495 943 1394 431 866 1487 531 439 1252 765 1053 1526 844 944 1269 522 944 1347 758 1108 1336 1170 1037 805 1336 799 827 695 580 617 1257 1436 902 1345 992 716 933 1458 374 1196 665 522 430 1482 489 422 438 832 1286 541 686 759 891 1579 1159 397 775 961 1381 1525 1497 1090 1073 1438 1056 1237 502 476 596 592 1125 1126 1249 822 1461 700 1001 402 458 960 889 860 1035 455 858 828 1034 577 535 622 1046 1236 683 1364 1425 406 1074 614 706 380 964 1281 850 377 1152 986 1251 1053 785 775 1035 1351 560 494 1328 460 626 580 898 1189 935 1292 1534 772 714 633 1229 1410 1304 1349 818 1451 527 384 1097 1499 582 781 966 703 987 1408 774 437 1271 1199 1443 1119 1267 1563 368 979 840 710 1090 391 1541 1132 476 1454 1525 673 1480 702 849 654 404 1093 808 1188 857 911 967 1528 1039 1164 723 1041 1494 1504
1241 2404 1016 1311 1789 1406 1228 1293 623 983 1108 1341 1174 2008 2125 1649 1132 2173 758 1552 2332 2015 1756 1733 2065 1832 1569 2371 1303 1610 2027 497 724 1295 1796 1758 1571 1290 1634 1820 947 1240 1588 1036 1249 688 2265 1791 596 997 712 1463 1936 1766 496 1326 1329 2252 1377 1252 682 1301 1266 1002 1435 2161 1647 1185 872 1464 1123 1292 1379 1266 2194 1319 1620 1368 2367 1836 848 1591 1067 915 1232 2071 770 1697 1341 1326 1194 1822 2272 2269 1264 529 1110 565 1527 657 1743 1735 1333 1135 608 1401 910 1996 1070 1402 1040 1290 1347 1121 2428 2061 1634 1690 1970 482 1707 1946 634 1314 360 1553 864 1501 2356 1283 1303 1903 1305 1609 2015 1592 723 1499 1279 1023 1512 1942 1435 892 1717 1291 1228 1893 1156 1286 2154 1602 1950 1579 1748 1794 1147 1187 1221 1032 1241 682 980 2044 894 1083 741 1418 1185 1084 1437 1483 1784 2043 1776 2295 1624 1670 1235 1777 1325 479 1461 1209 1275 599 1205 1364 1241 863 2238 1141 1063 1144 1824 1297 1713 1327 1719 780 2253 1412 1242 1938 1934 2380 1330 2104 1230 1424 1139 1109 1712 1490 1950 1119 2306 1577 1578 1341 1221 1728 1208 1635 1455 1309 1564 1427 1646 1522 1141 1072 1605 1841 1632 462 2309 1291 1192 1271 1464 1293 909 2208 1789 1298 1965 774 546 1598 1441 915 883 1059 1415 1443 2192 1283 1574 1390 775 901 1743 789 1611 1725 1092 1119 1491 763 2249 2296 1114 1963 1281 1293 1947 2298 1494 1456 1812 989 1927 802 929 1370 532 2079 1443 2029 1380 827 1315 696 833 1544 1852 1345 1062 2060 1200 1188 1685 1432 1639 974 1800 1481 1294 1206 1137 2118 1358 1135 1432 1671 1108 1503 1668 1985 1225 2277
558 1258 975 609 639 509 729 625 1520 1254 987 695 755 1310 931 801 1358 1007 1202 793 1139 1210 655 1525 1237 880 708 1323 1275 417 1125 1684 1526 663 821 892 1144 635 1063 762 1535 683 922 997 896 1225 1120 1156 1337 1021 1210 713 806 573 1528 1038 584 1135 617 811 1429 634 728 1175 1566 1422 958 739 1043 617 803 632 550 647 1196 984 431 669 1275 1401 1190 577 934 998 1381 1220 1330 878 590 1671 719 1071 1104 1142 1243 1652 1640 1503 1225 1618 1189 786 582 1568 1745 600 1007 950 1073 512 873 708 753 1224 1284 884 650 506 855 1576 535 1223 1281 613 1553 360 1229 739 1183 633 663 734 615 419 1436 1518 1198 561 958 958 521 1437 554 1128 1348 665 940 1584 784 626 1109 590 805 1709 749 889 1378 772 1020 1489 836 1320 1582 926 1286 1042 1589 775 1043 870 524 505 1336 1462 670 1133 888 505 1138 1584 605 1434 590 709 673 1730 741 553 691 1083 1069 772 876 886 638 1685 1058 589 620 1214 1258 1595 1727 860 838 1239 1244 995 686 496 844 845 1015 1112 1073 1052 1354 509 923 576 711 785 1099 704 1021 605 932 965 930 397 786 843 1146 1102 444 1596 1176 624 1161 705 805 632 1141 1028 598 630 1095 1195 1473 1157 910 1026 1285 1591 671 531 1215 630 397 578 1139 1437 740 1479 1550 542 957 816 1231 1605 1102 1103 1050 1515 739 628 865 1421 603 899 745 956 810 1661 993 544 1520 953 1641 867 1311 1816 609 1222 1080 564 901 582 1787 879 716 1687 1685 788 1644 950 656 555 621 1307 928 1015 1024 1136 1118 1525 1267 1151 575 853 1725 1285
970 2127 952 1037 1503 1084 1026 1021 1025 497 1082 1155 955 1951 1780 1485 1327 1877 842 1405 1981 1912 1496 1250 1955 1377 1383 1912 1422 1282 1881 994 665 1072 1598 1603 1571 1030 1585 1396 1276 989 1106 1002 1175 678 1989 1291 804 974 615 1291 1530 1433 938 1324 1018 1822 994 1124 1004 955 872 1106 1653 2097 1550 951 671 1060 800 1029 1105 980 2009 826 1284 1172 1921 1334 418 1347 985 747 1418 1951 474 1554 1077 975 900 1724 1974 2007 769 871 1447 969 1024 1106 1240 1290 1015 800 948 1170 676 1778 578 1084 808 1101 1195 1245 2153 1753 1411 1341 1711 811 1403 1448 736 1051 864 1229 360 1338 2052 1008 1083 1604 1036 1276 2009 1748 753 1258 793 942 1135 1960 1186 467 1215 1066 752 1987 960 989 1943 1200 1550 1817 1535 1627 702 1003 726 688 801 542 1324 1624 1083 1095 1152 969 1199 722 1078 1117 1809 2038 1374 2003 1149 1370 1297 1907 1065 772 1066 895 1049 1102 999 1077 1007 834 1939 877 725 716 1466 965 1218 1045 1457 894 2072 1001 1580 1510 1513 2108 1429 1677 919 1129 1001 951 1223 987 1471 1139 2149 1200 1095 1059 992 1283 1252 1202 957 998 1474 1376 1165 1208 930 795 1599 1349 1313 844 1885 1011 689 890 1334 1034 448 1823 1441 1042 1829 511 696 1598 1363 842 1072 1388 1224 1183 2018 976 1261 1023 717 1187 1312 609 1147 1412 1039 781 989 739 1971 1941 1131 2006 1111 1026 1519 2177 1271 1370 1392 877 1666 1231 666 1074 958 1661 1691 1635 891 1309 1047 739 721 1150 1395 1076 1474 1683 942 1525 1882 1297 1833 823 1518 1096 1014 1360 688 1871 1345 1206 1451 1195 1259 999 1404 1716 1567 1806
640 1286 845 697 751 748 671 708 1386 1411 776 542 743 995 1125 510 1070 1087 1105 430 1314 936 683 1850 977 1259 437 1664 940 761 905 1614 1591 631 655 627 764 689 690 1132 1302 718 1276 832 635 1202 1154 1524 1265 870 1216 407 1143 840 1435 702 758 1452 901 609 1284 842 956 953 1218 1131 600 747 1058 953 916 692 657 750 1055 1262 785 528 1599 1755 1284 555 794 986 1066 972 1410 575 659 1887 817 756 1183 1145 1490 1638 1368 1390 1541 1474 1548 1165 769 1749 1731 558 1036 857 1255 741 892 597 515 946 1309 1004 536 844 860 1561 740 1601 1234 677 1501 739 1338 360 1267 720 619 860 695 776 1092 1147 1143 538 1221 838 879 1078 577 1230 1689 637 1183 1207 740 756 1013 967 1131 1350 618 657 1582 699 1262 1650 1075 1361 1341 1259 1087 821 1418 1092 767 1000 834 847 963 1121 1035 1197 1252 713 827 1205 664 1393 925 836 654 1623 699 692 695 999 1151 824 984 1076 935 1891 1423 703 659 1094 1115 1842 1431 1217 1189 1260 902 1327 818 682 726 766 1383 1430 1452 807 1179 887 1276 695 708 1164 803 1080 1338 767 555 600 1295 711 769 903 767 1478 742 1571 1478 723 1391 929 436 686 1256 1284 888 678 851 1247 1481 778 543 949 1090 1329 478 598 1056 777 717 861 1105 1219 1118 1567 1848 768 776 940 1539 1673 1139 1292 809 1150 591 699 1220 1199 497 527 1114 878 825 1476 1038 707 1416 1278 1297 1169 1584 1644 684 1172 1056 931 1279 667 1541 1147 763 1400 1313 443 1274 910 752 899 722 999 1124 990 678 864 753 1838 990 1469 634 886 1433 1644
1357 497 1723 1408 926 1332 1489 1426 2279 2066 1678 1388 1541 1295 671 1156 1964 543 1977 1247 584 1148 963 2137 1121 1291 1190 1254 1802 1129 1010 2480 2350 1421 997 1100 1506 1427 1377 1158 2207 1477 1548 1723 1541 2032 501 1664 2127 1758 2025 1291 1018 979 2312 1585 1404 1032 1422 1497 2180 1457 1542 1860 2035 1286 1273 1531 1856 1376 1626 1425 1338 1458 852 1738 1127 1358 1140 1932 2014 1129 1673 1802 1940 1088 2153 1156 1376 2434 1536 1201 444 554 2001 2468 2261 2276 1891 2372 1736 1291 1404 2360 2561 1317 1822 822 1882 1333 1680 1433 1403 1847 518 659 1101 1075 767 2390 1014 1626 2081 1403 2356 1183 2052 1267 360 1437 1414 814 1413 1135 1463 1892 1993 1218 1728 1711 1286 1533 1280 1952 1937 1425 1728 1767 1560 1442 765 1252 984 2125 1011 1053 2163 1532 1801 2293 1636 2142 2245 1022 1992 1727 2322 1517 1673 1694 1334 1298 1543 1472 1113 436 1491 1050 1718 1851 1391 2239 1361 1530 1440 2509 1511 1357 1474 1861 478 1582 1699 1701 963 2455 1606 1393 999 1977 866 2330 2306 1111 1080 508 1758 1039 1507 1299 1589 1610 1559 1790 1415 1715 969 1225 1556 1379 1494 1297 1702 1311 1717 1425 1328 1463 1518 1208 1574 1659 1481 1559 1100 2408 994 1430 1940 1522 1332 1423 1963 789 977 1418 1056 2018 2291 1498 1414 1805 1995 2227 1318 1272 894 1450 1155 1390 1941 2126 1233 2301 2216 1001 1670 1640 1913 2428 507 616 1716 1619 1448 1425 1104 1108 1230 1394 1148 1731 802 2382 1811 1355 2298 998 2117 913 2036 2549 1403 2019 1883 1286 1294 1372 2443 828 1519 2283 2035 1350 2013 1741 915 1327 1427 1882 1739 673 1554 1768 1582 2163 1890 1824 1048 741 2312 1337
322 1496 714 389 872 498 489 373 1248 1063 756 557 486 1356 1202 854 1139 1255 929 791 1409 1292 853 1507 1330 1060 747 1559 1098 690 1243 1413 1288 462 951 971 1067 393 1029 981 1284 414 977 745 713 956 1357 1237 1064 763 948 674 1060 844 1255 885 434 1390 586 620 1158 496 601 931 1391 1491 957 468 779 672 568 388 460 389 1362 908 703 557 1524 1439 960 699 680 728 1181 1322 1096 929 429 1529 467 1116 1355 1369 1130 1391 1403 1230 1198 1346 1244 954 446 1397 1484 529 745 1129 898 491 604 522 622 1006 1522 1139 763 776 1070 1313 784 1342 1010 404 1283 633 1008 720 1437 360 473 983 387 691 1448 1386 926 610 865 695 651 1424 537 901 1360 458 824 1521 519 401 1294 760 1064 1546 887 988 1224 522 902 1303 717 1070 1333 1178 1030 809 1321 769 842 651 571 612 1294 1477 907 1380 969 748 951 1489 418 1165 649 478 449 1457 486 440 434 810 1320 504 643 715 910 1535 1134 404 814 943 1424 1481 1502 1094 1078 1475 1077 1245 458 500 595 581 1102 1090 1237 830 1505 701 974 418 449 950 905 849 1000 426 898 861 1010 599 515 583 1082 1216 708 1331 1436 370 1031 575 746 395 921 1300 871 403 1196 947 1215 1089 820 754 1028 1351 602 535 1372 421 651 560 868 1183 930 1251 1494 801 716 589 1191 1369 1340 1375 826 1490 554 381 1100 1543 627 818 967 685 1025 1395 736 448 1247 1208 1459 1133 1226 1547 399 950 810 703 1082 428 1536 1151 443 1458 1550 713 1504 676 885 643 372 1106 764 1228 885 921 996 1489 1046 1128 761 1079 1498 1502
398 1461 679 461 849 570 435 463 1235 1152 684 444 494 1252 1205 762 1061 1231 924 689 1410 1195 813 1621 1236 1143 659 1621 1000 715 1157 1426 1348 371 878 880 954 440 918 1049 1231 458 1085 695 613 984 1322 1343 1073 722 987 572 1109 857 1258 779 535 1438 692 520 1139 609 714 871 1294 1390 850 493 821 771 656 445 477 499 1290 1021 733 450 1577 1550 1031 648 635 756 1093 1230 1162 834 444 1628 558 1015 1330 1327 1237 1424 1338 1225 1311 1331 1353 1039 548 1489 1518 458 793 1068 996 562 646 413 508 927 1486 1122 698 808 1028 1346 779 1443 1029 441 1303 663 1083 619 1414 473 360 965 455 721 1338 1279 939 556 977 664 731 1312 494 975 1473 377 934 1408 506 514 1232 838 1108 1446 820 903 1323 479 1011 1391 828 1122 1278 1229 984 740 1294 880 752 741 659 692 1181 1368 965 1352 1073 742 856 1378 436 1187 745 580 394 1457 458 493 436 807 1296 566 725 819 936 1632 1240 478 776 929 1352 1587 1428 1156 1136 1437 976 1297 564 533 544 557 1206 1203 1327 752 1426 769 1082 480 452 1036 813 937 1113 535 788 748 1115 626 525 647 969 1317 722 1361 1479 480 1136 688 636 438 999 1324 892 431 1106 1003 1255 975 707 751 984 1288 502 507 1297 535 668 661 890 1135 1008 1318 1605 801 654 680 1304 1431 1306 1379 749 1377 447 453 1161 1455 555 705 1033 677 985 1364 791 511 1246 1256 1365 1170 1336 1523 449 966 834 786 1165 455 1483 1175 503 1387 1444 601 1399 689 859 733 479 1018 867 1180 776 839 886 1602 969 1241 726 1042 1426 1574
903 883 1280 954 476 880 1040 972 1837 1627 1249 949 1089 1165 626 795 1571 633 1530 863 816 1029 537 1806 1034 1008 785 1242 1435 683 902 2029 1899 971 679 801 1192 973 1074 855 1794 1023 1190 1285 1121 1578 746 1369 1677 1318 1571 872 773 552 1863 1200 951 1009 984 1064 1740 1008 1100 1437 1700 1231 954 1078 1402 954 1173 972 884 1004 893 1328 686 918 1156 1636 1564 690 1231 1349 1565 1007 1703 833 922 2026 1082 970 732 772 1592 2014 1868 1830 1527 1932 1425 963 952 1935 2107 869 1368 664 1444 881 1226 989 974 1445 910 517 684 651 523 1936 561 1382 1629 950 1903 734 1604 860 814 983 965 360 959 692 1323 1596 1541 773 1310 1266 857 1359 830 1502 1613 975 1302 1560 1109 988 788 853 746 1816 645 766 1741 1084 1379 1860 1203 1689 1835 858 1565 1301 1889 1107 1263 1243 893 861 1309 1343 770 759 1140 596 1327 1605 937 1786 935 1077 990 2062 1061 903 1021 1412 697 1128 1247 1259 591 2042 1289 939 563 1532 949 1937 1930 876 841 865 1394 917 1054 845 1144 1162 1240 1418 1184 1295 1059 804 1196 925 1042 966 1303 941 1335 972 981 1088 1176 756 1121 1205 1178 1283 650 1954 1018 976 1520 1079 934 970 1515 799 576 964 904 1564 1837 1194 1033 1356 1566 1827 884 820 923 996 703 948 1488 1706 900 1853 1858 552 1235 1188 1542 1978 728 792 1296 1447 1008 971 874 1158 791 1014 838 1282 493 1953 1357 901 1851 862 1781 738 1646 2117 949 1567 1430 871 1021 918 2038 685 1065 1900 1755 942 1723 1289 470 899 973 1499 1300 665 1174 1361 1230 1819 1489 1456 603 501 1933 1261
305 1471 724 367 847 490 487 374 1264 1091 756 536 499 1331 1182 827 1139 1231 946 765 1388 1265 827 1527 1303 1060 720 1552 1091 672 1215 1434 1315 446 924 943 1049 382 1007 975 1291 427 989 751 704 979 1332 1248 1084 772 972 649 1049 825 1275 873 440 1379 597 610 1173 514 623 936 1384 1465 933 483 803 678 596 377 434 417 1334 931 686 533 1515 1455 988 671 687 750 1177 1294 1123 903 401 1556 495 1090 1331 1343 1155 1415 1407 1248 1218 1362 1258 954 453 1425 1508 501 770 1102 926 482 627 507 603 1005 1497 1116 735 761 1044 1337 762 1350 1032 377 1305 615 1036 695 1413 387 455 959 360 674 1424 1374 946 582 888 705 649 1402 510 929 1378 443 848 1503 530 421 1267 758 1052 1538 859 961 1251 526 927 1331 740 1096 1340 1168 1039 811 1334 784 837 678 571 609 1274 1453 899 1355 979 725 944 1474 391 1187 654 505 439 1476 491 422 438 827 1296 529 670 742 894 1562 1145 389 787 958 1396 1507 1504 1087 1070 1449 1068 1235 485 480 599 591 1112 1109 1240 829 1477 695 987 399 457 951 899 851 1018 439 875 843 1020 581 530 610 1063 1224 688 1355 1424 388 1056 596 723 380 948 1284 854 385 1169 973 1240 1069 801 771 1037 1356 577 508 1344 442 631 567 890 1192 928 1278 1516 779 719 617 1212 1396 1315 1355 825 1468 540 372 1093 1516 599 798 961 700 999 1407 762 434 1265 1197 1453 1120 1250 1561 372 971 832 702 1082 401 1544 1134 465 1460 1538 691 1493 696 860 645 386 1102 790 1201 871 919 982 1510 1046 1147 735 1053 1500 1498
618 1215 1034 668 609 564 788 684 1579 1295 1044 749 814 1320 876 820 1413 962 1261 824 1083 1213 640 1528 1236 844 735 1270 1325 376 1120 1741 1575 722 819 902 1179 694 1093 717 1593 742 917 1056 950 1281 1078 1141 1394 1080 1265 754 750 519 1586 1086 640 1078 651 867 1488 683 768 1233 1614 1425 983 798 1099 632 856 691 609 705 1176 1006 371 722 1219 1392 1238 597 993 1056 1434 1217 1378 894 649 1699 775 1084 1058 1104 1268 1707 1696 1562 1233 1677 1179 756 637 1603 1799 653 1062 931 1112 567 930 765 804 1279 1242 837 664 447 825 1631 502 1198 1339 672 1609 419 1276 776 1135 691 721 692 674 360 1452 1561 1256 602 984 1017 532 1458 606 1176 1346 724 971 1614 843 683 1085 572 748 1755 748 894 1411 831 1049 1527 871 1372 1640 870 1345 1100 1648 790 1098 919 560 529 1364 1477 622 1088 878 482 1190 1620 664 1490 608 763 732 1789 800 612 750 1142 1023 829 927 928 579 1714 1045 648 609 1273 1238 1617 1782 809 785 1197 1293 939 740 555 903 904 1001 1120 1038 1108 1338 497 920 635 770 756 1153 685 1031 660 964 1008 919 455 845 898 1180 1079 412 1651 1117 682 1191 747 845 691 1187 969 540 689 1094 1247 1526 1192 952 1085 1344 1648 719 585 1199 686 420 616 1197 1496 705 1526 1561 501 1016 867 1242 1653 1061 1047 1106 1539 795 687 814 1411 643 939 699 1015 780 1720 1047 602 1579 896 1690 808 1330 1875 668 1279 1138 562 864 641 1845 820 774 1743 1727 832 1687 1008 626 572 679 1361 968 984 1071 1191 1162 1531 1322 1159 572 818 1781 1236
1368 1384 1428 1427 1283 1478 1369 1436 1810 2104 1302 1254 1438 528 1532 994 1296 1360 1640 1024 1635 677 1211 2582 701 1920 1094 2201 1096 1436 818 2090 2211 1350 1018 912 808 1415 785 1774 1570 1434 1995 1384 1194 1790 1322 2232 1793 1420 1826 1136 1727 1435 1907 1060 1491 1964 1633 1249 1715 1574 1687 1373 1155 590 852 1449 1701 1677 1626 1419 1390 1476 979 1994 1457 1251 2107 2475 1951 1218 1387 1624 1213 735 2057 918 1391 2595 1534 728 1407 1269 2216 2178 1524 1842 2274 1866 2265 1844 1501 2441 2264 1290 1692 1054 1966 1472 1568 1300 1196 1261 1391 1374 1147 1490 1189 2108 1349 2287 1794 1407 2015 1436 2009 1092 1463 1448 1338 1323 1424 1452 360 950 1711 1255 1953 1433 1592 460 1308 1906 2416 1355 1912 691 1422 1486 1057 1663 1704 1164 1078 931 2291 1379 1990 2334 1805 1982 1580 1821 1488 1309 1777 1822 1200 1708 1560 1565 598 389 1676 1391 1964 1345 1139 818 1395 1933 1648 1559 1370 2048 1394 1425 1408 1574 1395 1526 1686 1796 1520 2595 2134 1435 1224 1604 988 2564 1498 1825 1791 1355 1059 1880 1543 1411 1368 1419 2091 2161 2111 1267 933 1584 1996 1428 1415 1845 1169 1777 2069 1499 910 992 2007 1418 1454 1596 776 2171 1404 2107 1962 1452 2114 1660 1062 1413 1936 1729 1483 1404 789 1889 2060 780 1009 1545 1498 1522 1207 1326 940 1507 1404 1592 1702 1542 1787 2207 2580 1373 1338 1652 2272 2291 1320 1640 1274 526 1279 1426 1825 821 1218 1004 1755 1495 1197 1797 1703 1440 1876 1825 1221 1701 2314 1958 1414 1740 1669 1639 1938 1399 1722 1642 1475 1503 1032 1097 1031 1546 1270 1619 1451 1203 1845 1170 1033 1240 944 2570 1283 2201 1245 1227 1511 2224
1316 1852 1175 1380 1508 1482 1263 1379 1348 1871 1053 1208 1310 1052 1854 1162 820 1744 1288 1112 2012 1161 1429 2502 1209 2038 1202 2448 686 1547 1271 1633 1868 1287 1288 1168 763 1355 885 1918 1052 1346 2003 1121 1034 1460 1753 2262 1408 1141 1513 1166 1928 1622 1464 860 1455 2228 1611 1126 1270 1521 1611 1005 570 1173 1002 1329 1444 1689 1486 1360 1382 1406 1470 1900 1571 1225 2377 2461 1689 1340 1160 1376 719 1236 1758 1125 1360 2363 1427 1052 1819 1715 2060 1762 963 1394 2199 1378 2270 1939 1467 2185 1835 1292 1453 1431 1784 1474 1380 1226 1141 865 1865 1707 1300 1632 1523 1704 1522 2360 1436 1360 1592 1518 1748 1147 1892 1386 1279 1596 1374 1561 950 360 1375 1319 1851 1190 1637 850 1331 1664 2375 1290 1797 688 1278 1426 1510 1737 1915 593 1311 1212 2077 1247 1860 2070 1708 1661 1047 2043 1069 1023 1279 1795 935 1551 1573 1600 742 968 1822 1816 1992 1499 823 549 1355 1541 1663 1460 1296 1562 1278 1408 1318 1273 1797 1389 1519 1660 1717 2353 2159 1397 1420 1239 1501 2374 915 2005 1977 1821 685 2110 1455 1428 1196 1241 2125 2099 2229 981 1480 1659 2000 1398 1313 1937 872 1845 2013 1452 979 912 2034 1486 1308 1428 779 2234 1530 1693 2248 1395 1953 1589 1075 1355 1698 2036 1672 1349 1212 1603 1688 763 968 1270 1081 976 1210 1355 1441 1446 1501 1580 1394 1059 1898 1888 2457 1550 1101 1510 2185 1939 1745 2002 989 818 1193 1369 2008 1393 1278 981 1900 1255 1508 1278 1474 1426 1429 2060 631 1945 2178 1424 1368 1399 1386 1692 2059 1371 1154 1912 1367 927 526 1089 487 1313 1502 1646 1395 756 1702 1578 863 903 760 2472 860 2134 1410 1560 930 2432
883 2040 662 952 1427 1054 864 935 710 889 772 978 812 1684 1768 1292 938 1810 449 1196 1975 1676 1393 1619 1724 1531 1208 2065 1054 1256 1676 848 864 932 1435 1403 1263 930 1307 1497 893 880 1325 693 903 444 1902 1560 498 655 501 1103 1602 1411 691 1010 978 1926 1048 894 648 962 950 731 1265 1836 1304 824 547 1142 790 932 1020 911 1838 1091 1267 1005 2048 1663 701 1227 712 562 1032 1728 744 1344 980 1360 845 1482 1909 1905 1136 856 1060 677 1357 809 1528 1428 983 1176 949 1037 585 1634 874 1050 687 927 987 870 2065 1699 1270 1339 1606 779 1348 1704 451 953 723 1198 753 1143 1993 926 939 1541 946 1256 1711 1375 360 1136 1043 665 1175 1649 1072 700 1551 927 984 1639 793 933 1794 1273 1612 1427 1386 1438 1096 823 1008 1060 959 646 943 1714 689 762 816 1129 870 776 1096 1142 1492 1740 1442 1932 1350 1310 949 1545 965 610 1133 864 912 893 841 1007 880 505 1875 787 747 865 1474 1345 1469 970 1355 501 1897 1394 1191 1615 1607 2016 1069 1777 884 1066 777 746 1458 1290 1671 804 1955 1238 1317 984 859 1422 910 1323 1231 958 1222 1094 1380 1166 779 728 1295 1588 1275 788 1979 934 1038 949 1110 933 733 1862 1437 938 1616 602 711 1290 1100 553 679 1000 1053 1080 1837 933 1218 1054 427 798 1427 874 1531 1366 746 794 1328 942 1885 1941 797 1682 919 934 1623 1956 1130 1113 1487 626 1564 898 612 1014 687 1748 1299 1688 1262 1020 955 390 482 1213 1552 985 1112 1713 843 1136 1501 1077 1451 612 1437 1149 937 981 878 1755 1039 850 1129 1570 877 1313 1305 1622 1179 1984
528 1264 866 581 656 586 631 597 1424 1312 842 537 689 1143 1023 627 1190 1035 1118 597 1225 1061 616 1688 1094 1081 521 1505 1087 589 999 1622 1535 564 702 735 943 588 866 959 1392 633 1103 872 726 1180 1126 1347 1269 904 1181 513 983 695 1453 847 619 1303 741 656 1326 701 816 1031 1375 1267 767 682 1014 781 819 589 517 639 1111 1113 612 506 1448 1582 1210 452 818 952 1202 1083 1345 705 541 1768 718 900 1134 1131 1355 1620 1480 1418 1381 1519 1374 987 627 1643 1714 458 984 880 1142 581 837 575 575 1058 1289 930 512 678 831 1542 602 1422 1225 567 1499 561 1258 538 1218 610 556 773 582 602 1255 1319 1136 360 1077 853 702 1249 432 1151 1521 569 1046 1386 703 634 1044 788 976 1513 636 746 1466 673 1126 1552 936 1313 1436 1102 1155 895 1476 928 874 901 664 672 1140 1283 864 1156 1076 568 957 1383 553 1384 753 726 586 1650 654 551 623 1002 1100 746 893 955 785 1776 1247 576 579 1119 1174 1710 1557 1050 1024 1241 1054 1171 704 519 731 752 1206 1268 1274 895 1256 708 1103 564 643 986 924 901 1176 634 733 766 1118 532 720 829 946 1299 576 1557 1336 608 1262 789 604 585 1171 1159 739 577 957 1191 1450 957 710 947 1156 1436 483 440 1122 651 542 699 1087 1300 941 1500 1696 629 823 840 1382 1617 1109 1197 894 1324 595 592 1054 1300 401 698 941 872 788 1542 978 561 1439 1124 1451 1023 1440 1704 571 1163 1031 753 1102 542 1640 1015 680 1521 1485 589 1445 886 665 725 605 1130 1003 985 830 970 920 1680 1102 1308 531 845 1557 1477
824 1824 1056 885 1233 852 963 877 1383 736 1163 1062 905 1855 1431 1342 1515 1568 1108 1291 1621 1778 1253 1012 1811 951 1234 1480 1537 996 1710 1414 1084 966 1406 1453 1567 898 1535 993 1559 886 672 1109 1184 1005 1692 879 1152 1101 952 1177 1137 1120 1325 1360 823 1405 703 1100 1331 739 625 1279 1815 1984 1461 888 864 715 724 894 927 837 1794 411 987 1062 1495 994 793 1144 1058 895 1584 1798 907 1420 922 1075 791 1613 1657 1722 645 1304 1716 1338 709 1477 845 873 814 993 1381 1023 832 1549 575 857 840 1021 1125 1398 1851 1440 1219 1021 1449 1242 1126 1029 1077 906 1279 958 793 1221 1728 865 977 1310 888 984 1953 1851 1043 1077 360 1037 813 1930 1013 747 893 961 419 2019 934 827 1707 835 1162 1979 1334 1461 795 969 437 935 508 962 1611 1218 1318 1203 1498 572 1277 669 794 815 1798 1982 994 1691 716 1101 1391 1974 918 1172 736 762 948 1510 943 891 914 1031 1624 822 703 557 1125 1092 795 878 1217 1151 1856 997 1838 1099 1108 1809 1527 1264 774 918 1015 969 793 617 1037 1240 1951 867 662 886 912 866 1342 801 548 814 1404 1359 731 954 903 787 1585 922 1033 1273 1470 860 571 652 1252 900 731 1438 1113 909 1672 867 1125 1590 1323 999 1311 1657 1105 998 1812 806 995 745 978 1458 906 1013 988 1124 1115 701 694 1147 1674 1577 1233 1994 1048 886 1109 2010 1107 1322 993 980 1404 1580 804 878 1336 1255 1872 1249 723 1689 899 1046 939 802 967 914 1792 1310 854 1786 2007 1218 1959 927 1250 772 862 1513 527 1607 1368 1329 1482 987 1427 648 1169 1442 1829 1373
643 1748 380 713 1150 833 591 699 931 1053 501 683 569 1391 1509 986 842 1527 629 891 1714 1374 1107 1681 1422 1384 906 1893 867 1013 1371 1137 1143 660 1132 1098 990 684 1016 1315 950 641 1249 431 604 731 1612 1506 787 431 757 800 1395 1160 963 741 765 1725 889 589 835 789 836 611 1138 1541 1002 589 631 985 679 688 768 694 1533 1088 1029 712 1859 1667 883 941 407 555 906 1424 984 1039 727 1550 663 1180 1626 1611 1230 1161 1079 925 1385 1027 1495 1277 775 1382 1254 757 629 1333 953 826 557 637 683 720 1772 1423 976 1104 1315 1085 1083 1630 757 705 1023 958 942 838 1711 695 664 1266 705 1017 1433 1190 665 853 1037 360 983 1380 798 846 1570 657 980 1407 536 720 1491 1091 1398 1302 1087 1133 1254 546 1036 1271 905 912 1000 1513 695 528 991 1034 620 728 902 945 1227 1463 1243 1646 1256 1046 727 1335 712 914 967 695 645 1158 576 767 627 521 1593 605 695 841 1235 1543 1405 734 1071 626 1592 1547 1188 1429 1413 1724 865 1580 704 822 481 474 1382 1293 1551 569 1649 1037 1243 745 608 1272 679 1170 1213 750 921 803 1293 922 544 611 1019 1506 1024 1094 1770 705 1123 821 804 687 879 1625 1193 688 1311 816 1011 1017 800 476 693 1024 756 812 1532 730 968 877 637 849 1259 1135 1628 1105 457 700 1366 1225 1596 1683 561 1424 622 694 1435 1653 840 813 1302 426 1274 1063 647 780 947 1543 1194 1465 1348 1219 710 695 597 1032 1406 735 1202 1476 624 1140 1339 771 1291 484 1158 970 708 836 878 1459 763 653 869 1646 752 1325 1024 1333 1182 1831
589 1375 1003 641 781 521 776 651 1515 1139 1045 791 775 1470 1005 958 1428 1119 1196 939 1206 1372 810 1364 1398 772 860 1269 1371 546 1285 1647 1438 726 982 1053 1279 671 1209 691 1574 705 763 1036 983 1186 1241 1005 1312 1053 1160 846 786 670 1506 1143 578 1112 501 891 1432 573 622 1223 1665 1583 1109 754 1001 459 749 666 618 649 1349 834 535 772 1240 1242 1103 736 972 973 1464 1381 1242 1035 647 1529 695 1230 1212 1270 1096 1594 1695 1491 1065 1615 1032 667 568 1438 1683 705 962 1103 955 529 851 784 857 1294 1402 993 810 571 996 1519 674 1085 1250 656 1512 521 1135 879 1286 651 731 857 649 532 1592 1637 1175 702 813 983 360 1590 668 1041 1188 725 805 1726 809 623 1258 469 798 1815 910 1050 1244 813 881 1367 710 1249 1623 900 1319 1100 1598 617 1123 794 441 399 1483 1619 627 1244 733 653 1227 1717 656 1393 437 671 726 1708 778 597 725 1080 1178 756 810 779 691 1545 905 620 777 1217 1410 1445 1793 806 794 1359 1345 964 653 569 887 871 864 951 956 1118 1510 426 764 613 741 664 1184 568 861 593 1075 1088 776 534 800 807 1285 961 584 1543 1163 641 1022 608 937 669 1048 1058 669 672 1256 1126 1410 1295 1037 1026 1316 1643 790 645 1370 614 557 481 1111 1473 638 1384 1390 671 1007 752 1072 1514 1223 1166 1114 1666 818 658 814 1580 743 1028 678 964 953 1675 943 579 1503 933 1736 877 1158 1820 649 1195 1053 415 794 636 1826 913 719 1749 1803 914 1760 942 799 401 639 1389 814 1154 1135 1208 1238 1364 1335 991 735 989 1789 1210
1346 1462 1373 1406 1309 1467 1336 1413 1730 2061 1245 1228 1403 602 1582 998 1210 1420 1575 1013 1696 745 1233 2567 778 1935 1090 2241 1012 1443 883 2012 2152 1324 1045 931 749 1391 754 1792 1481 1406 1992 1327 1147 1729 1392 2234 1724 1361 1768 1119 1756 1456 1830 1001 1472 2006 1619 1210 1637 1554 1666 1301 1056 689 841 1416 1650 1670 1593 1395 1374 1452 1058 1973 1465 1228 2151 2471 1902 1221 1336 1573 1124 811 2003 925 1371 2555 1505 750 1473 1341 2186 2107 1429 1765 2258 1783 2263 1854 1483 2397 2191 1274 1644 1107 1930 1460 1526 1271 1166 1183 1470 1423 1154 1504 1235 2039 1366 2297 1729 1385 1942 1437 1960 1078 1533 1424 1312 1359 1402 1458 460 850 1649 1249 1930 1380 1590 360 1295 1860 2407 1329 1886 600 1384 1463 1128 1667 1734 1063 1100 957 2252 1342 1962 2288 1781 1924 1490 1854 1411 1247 1692 1810 1138 1673 1551 1561 518 478 1693 1460 1963 1358 1068 720 1373 1864 1641 1531 1342 1965 1360 1408 1379 1515 1459 1492 1649 1766 1545 2553 2135 1415 1242 1536 1072 2531 1400 1850 1817 1432 977 1915 1517 1400 1324 1376 2093 2147 2128 1204 1025 1587 1992 1409 1384 1854 1101 1781 2055 1479 887 947 2006 1417 1417 1558 721 2178 1413 2036 2008 1429 2083 1639 1038 1389 1891 1777 1505 1381 844 1836 1995 722 972 1489 1421 1429 1187 1316 1021 1484 1408 1580 1643 1458 1800 2151 2558 1391 1283 1619 2254 2231 1388 1698 1211 448 1247 1403 1851 918 1209 970 1773 1444 1239 1709 1657 1424 1799 1861 1122 1737 2288 1869 1392 1678 1614 1639 1954 1380 1626 1682 1444 1406 932 1071 930 1497 1297 1614 1428 1119 1814 1233 976 1169 879 2552 1203 2186 1258 1275 1413 2258
455 1331 813 508 715 531 569 524 1369 1240 803 502 621 1202 1071 689 1167 1097 1059 643 1276 1126 683 1634 1162 1067 581 1516 1081 597 1069 1559 1463 500 774 802 970 516 906 955 1355 562 1060 825 703 1113 1192 1310 1207 854 1112 539 997 728 1393 845 551 1323 685 622 1273 634 750 993 1372 1330 816 613 944 737 746 516 447 566 1184 1051 618 475 1465 1538 1137 522 766 884 1187 1151 1272 767 468 1698 645 960 1197 1200 1289 1552 1452 1360 1326 1465 1332 967 559 1572 1646 406 913 952 1071 524 767 526 559 1033 1356 988 585 691 900 1474 645 1394 1161 495 1435 554 1186 577 1280 537 494 830 510 606 1308 1331 1072 432 1013 798 668 1295 360 1079 1471 504 979 1420 639 562 1117 765 993 1517 709 815 1395 613 1060 1480 870 1242 1400 1117 1112 858 1427 875 851 828 617 634 1180 1336 865 1220 1038 608 944 1408 481 1319 708 654 520 1592 590 482 554 941 1163 675 820 885 811 1706 1209 504 645 1063 1246 1643 1535 1054 1031 1308 1050 1186 632 465 677 691 1170 1213 1257 864 1328 687 1059 493 574 966 906 875 1121 564 772 780 1080 518 653 757 978 1270 596 1490 1360 536 1194 722 629 512 1099 1195 767 505 1025 1119 1381 987 728 885 1112 1405 482 383 1194 580 548 644 1021 1260 927 1428 1636 668 779 767 1324 1545 1175 1245 862 1368 552 519 1059 1370 454 719 938 811 856 1495 907 494 1380 1142 1447 1048 1377 1655 498 1098 964 722 1088 470 1605 1048 608 1497 1498 605 1456 820 725 685 533 1114 933 1055 833 945 931 1623 1076 1253 593 912 1534 1479
863 2024 857 931 1400 981 919 914 1011 567 987 1048 847 1845 1684 1378 1256 1775 783 1297 1888 1805 1391 1278 1848 1311 1275 1849 1337 1182 1773 1028 758 964 1490 1496 1472 923 1482 1317 1233 882 1056 909 1073 639 1886 1262 781 884 578 1184 1447 1335 942 1227 913 1747 900 1019 975 854 779 1028 1580 1991 1444 843 579 972 694 922 999 874 1902 788 1185 1064 1852 1335 421 1240 887 651 1343 1843 561 1446 970 1063 794 1618 1873 1903 796 930 1401 962 1025 1101 1219 1219 911 897 1014 1063 577 1671 544 981 701 993 1088 1166 2051 1653 1303 1244 1606 862 1301 1415 708 943 892 1128 467 1230 1952 901 975 1502 929 1176 1906 1664 700 1151 747 846 1041 1860 1079 360 1220 958 696 1893 853 883 1836 1113 1465 1744 1427 1519 774 896 692 788 722 581 1283 1546 1021 1004 1134 897 1105 618 980 1021 1710 1936 1289 1901 1094 1267 1207 1818 958 785 976 790 941 1123 891 971 899 754 1838 769 619 630 1372 1057 1182 939 1351 834 1964 1072 1531 1433 1434 2005 1342 1601 813 1024 897 847 1180 971 1419 1048 2041 1108 1046 952 884 1212 1161 1126 926 894 1369 1274 1114 1106 823 688 1498 1309 1212 892 1808 904 699 794 1228 927 394 1735 1345 935 1721 482 747 1498 1258 753 1011 1341 1117 1076 1910 870 1158 926 650 1139 1235 711 1191 1311 943 676 994 836 1868 1848 1041 1908 1004 919 1442 2070 1164 1266 1312 780 1561 1215 563 969 956 1582 1622 1549 921 1310 940 693 640 1061 1330 969 1446 1593 834 1477 1803 1191 1754 724 1414 1004 907 1282 612 1766 1247 1120 1355 1229 1183 989 1298 1612 1520 1750
1315 2059 1588 1373 1575 1300 1474 1369 1871 1094 1694 1554 1425 2298 1626 1784 2048 1817 1625 1755 1767 2199 1623 560 2223 1006 1682 1354 2066 1362 2106 1841 1424 1463 1806 1881 2067 1393 2017 1142 2080 1393 789 1641 1702 1499 1947 642 1642 1634 1439 1649 1279 1428 1792 1878 1301 1399 1149 1613 1834 1224 1124 1812 2347 2410 1927 1406 1384 1099 1254 1388 1394 1336 2142 841 1344 1547 1422 480 1243 1564 1589 1424 2117 2204 1307 1862 1403 1052 1307 2057 1886 1993 814 1691 2241 1819 554 1958 563 1015 1289 1115 1747 1495 1356 1901 1038 1307 1373 1522 1621 1931 2085 1698 1639 1339 1774 1647 1477 755 1568 1394 1717 1348 1215 1689 1937 1360 1473 1613 1378 1346 2416 2375 1551 1521 893 1570 1188 2407 1471 1220 360 1459 951 2521 1456 1319 2040 1138 1312 2510 1734 1878 972 1488 907 1143 1028 1397 2131 1294 1846 1735 1994 957 1805 1202 1216 1212 2288 2444 1207 1924 834 1466 1919 2489 1403 1628 1128 1275 1449 1956 1458 1361 1421 1558 1858 1346 1236 1090 1385 1090 690 1360 1595 1672 2200 896 2366 1189 1217 2053 2054 1303 1281 1367 1540 1497 738 637 925 1771 2308 1209 786 1363 1424 1010 1870 1034 722 1298 1882 1861 796 1361 1427 1319 2080 755 1399 1681 1469 1353 887 1148 1734 1394 1192 1547 1397 1401 2081 1339 1538 2087 1819 1530 1837 2181 1582 1451 2170 1298 1383 1188 1492 1981 1077 1343 676 1463 1645 1231 586 1456 1931 1722 1764 2479 1553 1379 1196 2393 1559 1815 1154 1513 1735 2075 1329 1344 1811 1325 2405 1386 712 2164 1386 1549 1460 1146 1004 1393 2303 1469 1368 2313 2534 1704 2487 1460 1593 1158 1353 2046 1057 1916 1882 1861 1995 600 1960 604 1558 1754 2356 1215
385 1474 673 450 860 564 426 449 1227 1134 685 461 479 1270 1213 780 1064 1242 915 706 1418 1213 826 1605 1254 1137 676 1620 1008 718 1174 1415 1332 366 894 898 969 426 934 1046 1230 440 1073 692 621 971 1335 1332 1062 717 972 590 1109 862 1248 790 524 1439 681 527 1132 595 699 870 1302 1408 868 476 806 761 638 431 476 483 1306 1005 736 468 1577 1537 1015 661 630 742 1098 1247 1145 851 439 1610 540 1032 1342 1341 1220 1410 1339 1216 1296 1323 1341 1032 536 1471 1504 471 778 1083 978 556 630 424 524 930 1499 1133 713 811 1041 1332 787 1433 1016 431 1291 665 1066 637 1425 458 377 975 443 724 1355 1290 927 569 961 657 725 1329 504 958 1459 360 917 1423 494 499 1247 833 1110 1455 835 920 1305 470 994 1373 812 1107 1277 1229 981 740 1288 867 757 723 651 686 1197 1385 964 1364 1062 749 863 1391 428 1175 736 563 377 1447 445 488 419 797 1307 549 708 802 940 1614 1229 468 788 920 1368 1570 1431 1154 1135 1450 985 1297 548 532 539 548 1195 1188 1320 755 1443 766 1070 472 435 1029 819 930 1098 522 805 762 1104 628 511 630 985 1307 727 1348 1481 466 1119 673 653 425 982 1328 897 418 1124 987 1241 990 722 741 980 1288 519 515 1313 520 672 650 877 1132 1003 1302 1589 808 653 663 1289 1414 1318 1387 751 1393 457 439 1160 1472 571 721 1031 666 998 1358 775 505 1236 1257 1372 1172 1319 1516 438 954 821 779 1159 450 1482 1180 486 1389 1454 618 1409 676 870 725 465 1024 850 1194 788 843 898 1586 971 1226 737 1055 1428 1571
784 1820 998 845 1219 825 915 836 1326 712 1108 1019 855 1818 1436 1308 1456 1564 1048 1253 1630 1746 1234 1065 1780 985 1200 1519 1482 982 1682 1365 1050 923 1380 1421 1520 856 1492 1014 1500 840 719 1051 1133 949 1686 936 1095 1043 897 1138 1155 1115 1270 1309 788 1434 683 1050 1273 704 589 1220 1758 1949 1421 838 805 711 670 852 892 795 1773 470 976 1021 1529 1053 746 1117 1001 836 1526 1769 867 1386 884 1091 743 1577 1656 1714 669 1260 1656 1282 765 1421 903 901 779 993 1340 986 773 1529 536 828 783 976 1080 1340 1847 1437 1191 1016 1435 1196 1112 1084 1021 866 1228 940 752 1183 1728 824 934 1302 848 971 1912 1797 984 1046 419 980 805 1886 979 696 951 917 360 1970 882 787 1690 841 1178 1922 1309 1432 799 918 440 926 469 915 1551 1241 1259 1146 1440 585 1222 611 776 801 1753 1941 1006 1689 758 1085 1336 1923 878 1119 728 715 904 1458 894 857 868 971 1622 769 645 498 1126 1104 849 840 1197 1092 1836 1024 1779 1124 1131 1804 1473 1291 729 888 962 915 844 676 1082 1183 1928 863 709 849 865 894 1287 820 607 777 1362 1311 777 933 851 730 1538 974 1019 1226 1498 820 581 616 1210 859 683 1454 1111 867 1642 815 1080 1543 1277 940 1251 1597 1066 966 1791 766 977 724 920 1399 928 982 1033 1113 1059 646 748 1116 1668 1587 1177 1949 1001 845 1134 1983 1074 1277 1012 922 1390 1522 744 845 1281 1279 1814 1265 762 1633 859 989 880 801 1002 877 1733 1321 806 1726 1952 1176 1904 868 1236 763 821 1456 468 1595 1317 1272 1431 1037 1369 706 1148 1430 1770 1416
1446 1700 1396 1508 1496 1588 1415 1511 1658 2100 1266 1326 1475 842 1796 1162 1126 1646 1557 1151 1922 982 1418 2668 1018 2098 1238 2441 952 1598 1117 1944 2143 1418 1241 1120 814 1488 881 1961 1375 1493 2120 1344 1200 1724 1625 2371 1693 1373 1770 1241 1941 1635 1770 1030 1580 2209 1734 1279 1574 1657 1761 1272 895 919 992 1492 1676 1797 1664 1493 1489 1546 1297 2065 1622 1334 2356 2594 1928 1377 1368 1601 1028 1050 2013 1099 1478 2597 1587 952 1704 1576 2256 2062 1291 1701 2359 1696 2392 2009 1591 2427 2139 1390 1676 1329 1988 1580 1578 1360 1259 1138 1708 1639 1318 1670 1449 1999 1539 2447 1710 1487 1893 1584 1987 1207 1767 1521 1408 1560 1503 1614 691 688 1639 1386 2019 1407 1726 600 1420 1893 2521 1423 1970 360 1450 1562 1363 1813 1921 860 1285 1153 2300 1412 2041 2314 1870 1924 1373 2045 1360 1252 1599 1925 1148 1739 1677 1693 612 697 1862 1693 2098 1526 1052 508 1477 1830 1768 1617 1434 1881 1436 1521 1465 1520 1688 1562 1711 1841 1727 2590 2269 1521 1420 1513 1312 2589 1237 2030 1998 1670 931 2109 1606 1524 1378 1429 2230 2252 2291 1208 1263 1733 2119 1517 1466 2009 1096 1927 2161 1582 1012 1020 2141 1558 1483 1618 802 2325 1573 1991 2216 1528 2150 1736 1151 1487 1926 1989 1685 1479 1072 1850 1972 794 1061 1505 1371 1303 1302 1442 1260 1583 1558 1697 1647 1373 1959 2153 2643 1566 1310 1689 2350 2218 1620 1921 1215 527 1331 1501 2032 1152 1344 1066 1943 1473 1448 1603 1694 1539 1736 2055 945 1934 2367 1751 1494 1666 1628 1779 2117 1488 1480 1885 1525 1254 716 1178 727 1530 1486 1745 1527 1046 1886 1462 1016 1150 903 2646 1145 2290 1427 1489 1253 2447
467 1608 554 537 994 657 433 523 1097 1044 609 559 396 1353 1343 890 990 1377 782 805 1549 1311 960 1586 1355 1214 793 1718 972 840 1286 1280 1211 499 1018 1008 1005 509 996 1140 1125 465 1103 587 611 838 1469 1363 927 604 842 695 1218 990 1114 786 591 1549 725 534 1004 625 696 775 1260 1497 950 417 680 819 573 512 595 520 1428 983 855 581 1683 1545 905 795 522 612 1040 1352 1030 955 554 1532 511 1124 1476 1474 1167 1278 1247 1084 1281 1195 1361 1107 601 1382 1371 604 656 1211 905 650 512 504 594 860 1633 1267 843 930 1174 1200 919 1479 882 531 1156 784 960 740 1560 519 506 1109 530 843 1422 1278 793 703 934 536 809 1384 639 853 1456 494 882 1450 360 546 1374 918 1222 1420 962 1035 1228 402 951 1278 789 982 1174 1337 871 659 1165 889 711 650 728 771 1242 1452 1067 1498 1103 881 824 1400 539 1040 799 544 479 1314 408 591 452 664 1442 472 625 750 1062 1533 1261 558 922 791 1490 1507 1349 1253 1237 1584 958 1404 545 648 446 422 1233 1180 1387 686 1559 861 1099 569 432 1103 776 1001 1094 577 877 798 1143 748 392 534 1027 1353 853 1214 1594 529 1061 676 734 512 880 1452 1021 514 1231 866 1111 1030 773 607 868 1193 633 648 1433 559 797 708 743 1024 1087 1186 1553 939 565 599 1268 1294 1452 1517 681 1440 511 518 1260 1580 701 778 1127 533 1132 1237 658 604 1103 1367 1324 1290 1276 1391 535 820 688 860 1236 562 1377 1303 456 1303 1437 697 1390 542 1004 798 532 966 796 1326 795 779 909 1560 897 1216 872 1189 1344 1659
357 1506 739 418 880 481 527 410 1262 1038 790 597 511 1392 1198 886 1173 1262 942 826 1405 1324 867 1467 1361 1028 778 1533 1137 684 1271 1417 1275 503 976 1001 1108 433 1069 955 1311 446 937 774 753 958 1367 1197 1071 789 945 710 1040 840 1264 926 406 1369 547 660 1175 455 562 961 1429 1525 994 490 777 635 549 429 477 386 1384 869 694 595 1501 1398 943 719 709 732 1217 1352 1081 962 458 1497 454 1151 1361 1381 1094 1388 1434 1242 1158 1361 1203 921 414 1369 1480 561 741 1149 869 476 606 563 662 1041 1532 1143 786 766 1083 1311 787 1304 1015 439 1286 626 989 756 1442 401 514 988 421 683 1486 1426 933 634 827 720 623 1463 562 883 1319 499 787 1562 546 360 1314 731 1046 1585 910 1017 1194 556 865 1278 679 1061 1360 1157 1056 843 1339 728 879 628 542 585 1335 1515 885 1387 930 751 989 1530 451 1167 613 453 490 1466 520 447 471 825 1326 506 624 683 900 1504 1094 417 828 960 1447 1447 1535 1069 1055 1485 1117 1223 430 503 627 608 1062 1049 1203 865 1530 678 934 430 482 917 943 815 959 390 937 902 971 596 536 577 1123 1178 706 1330 1417 394 996 535 785 435 901 1288 863 443 1226 936 1210 1129 861 769 1053 1380 639 555 1396 381 649 523 873 1209 900 1234 1455 802 749 568 1151 1355 1350 1370 861 1529 594 420 1076 1572 655 858 942 703 1038 1415 729 447 1257 1188 1497 1118 1188 1564 432 956 814 673 1050 453 1562 1139 457 1490 1590 752 1544 688 894 611 395 1142 731 1242 926 957 1037 1449 1080 1087 775 1090 1530 1472
1212 702 1499 1265 836 1233 1301 1281 2033 1989 1423 1178 1367 890 889 869 1646 683 1759 968 947 742 815 2232 716 1432 946 1568 1465 1072 607 2267 2219 1241 718 774 1144 1273 1018 1279 1908 1318 1616 1484 1279 1849 625 1797 1918 1522 1857 1051 1178 974 2088 1275 1289 1330 1366 1262 1931 1364 1471 1586 1670 890 932 1364 1693 1357 1502 1274 1197 1322 471 1731 1083 1153 1463 2064 1895 955 1447 1626 1606 682 2030 837 1225 2421 1402 820 712 573 1992 2288 1937 2041 1949 2118 1853 1391 1294 2313 2382 1137 1665 524 1812 1231 1518 1231 1167 1544 714 745 894 1068 627 2210 943 1802 1885 1252 2154 1109 1943 1013 765 1294 1232 788 1267 1085 1057 1510 1794 1044 1707 1491 1258 1128 1117 1836 2040 1247 1690 1363 1374 1314 360 1273 1147 1744 772 730 2126 1337 1770 2228 1584 1994 1940 1238 1722 1463 2054 1515 1388 1582 1274 1252 1147 1067 1198 694 1567 966 1406 1454 1238 2044 1334 1408 1265 2273 1327 1227 1305 1651 704 1431 1577 1624 1018 2434 1717 1257 853 1746 521 2343 1965 1284 1248 671 1420 1282 1384 1178 1376 1411 1668 1838 1599 1441 635 1214 1621 1244 1323 1394 1402 1367 1752 1308 1004 1150 1603 1117 1397 1513 1115 1708 1034 2222 1313 1291 1911 1445 1058 1270 1855 1079 1003 1262 659 1874 2125 1131 1112 1600 1727 1910 1103 1119 510 1329 1073 1326 1753 1839 1328 2185 2279 949 1428 1522 1961 2301 623 958 1444 1214 1235 1277 1280 750 1036 1093 1263 1528 667 2104 1662 1232 2067 1230 1750 1112 2056 2275 1255 1823 1700 1282 1443 1226 2128 1034 1365 1948 1645 1086 1626 1554 819 1298 1289 1557 1669 501 1241 1475 1243 2243 1584 1876 905 647 1972 1620
698 1352 1111 750 800 629 885 760 1616 1189 1154 894 883 1532 956 1029 1537 1097 1298 1022 1149 1425 845 1323 1447 665 938 1162 1476 588 1328 1738 1505 834 1030 1114 1370 780 1293 585 1682 814 708 1145 1090 1278 1223 929 1409 1161 1249 938 695 661 1602 1246 687 1012 585 998 1535 673 698 1332 1770 1637 1188 862 1095 501 843 775 723 758 1370 845 568 874 1136 1180 1174 805 1080 1072 1572 1427 1311 1105 754 1543 799 1296 1184 1259 1109 1675 1804 1590 1036 1716 967 562 677 1469 1763 805 1055 1126 1006 637 952 891 959 1403 1379 970 875 564 1006 1602 699 994 1344 765 1602 590 1200 967 1252 760 838 853 758 572 1663 1737 1273 788 835 1091 469 1667 765 1113 1138 833 841 1813 918 731 1273 360 711 1919 960 1106 1271 922 910 1407 761 1328 1732 802 1427 1209 1703 624 1231 878 549 508 1566 1689 535 1218 666 689 1334 1811 764 1483 501 773 835 1804 887 705 834 1184 1150 860 898 844 649 1563 833 729 818 1321 1430 1446 1902 702 693 1339 1450 864 757 672 996 980 788 925 852 1227 1535 440 712 722 850 560 1291 474 841 701 1161 1185 707 615 907 905 1374 872 623 1628 1067 750 1047 690 1030 778 1116 982 642 781 1305 1207 1491 1385 1132 1131 1424 1751 887 742 1395 722 618 580 1207 1581 529 1446 1366 687 1117 843 1049 1578 1206 1107 1223 1745 924 767 710 1615 830 1122 574 1070 965 1780 1034 688 1601 837 1842 795 1154 1923 758 1291 1150 420 686 743 1934 843 827 1858 1904 1010 1861 1046 817 484 748 1497 872 1158 1237 1316 1337 1331 1444 964 784 992 1898 1101
995 1108 1416 1045 785 927 1173 1059 1948 1530 1432 1136 1191 1549 674 1125 1800 875 1628 1163 830 1415 863 1512 1420 667 1072 892 1703 756 1288 2085 1855 1108 1048 1164 1518 1074 1413 539 1980 1118 934 1441 1336 1624 1003 1042 1750 1464 1598 1122 393 653 1943 1462 1000 690 933 1255 1861 1010 1050 1620 1988 1618 1295 1172 1439 853 1187 1070 994 1071 1258 1160 736 1108 832 1311 1525 936 1378 1410 1817 1392 1662 1182 1033 1839 1128 1343 936 1055 1413 2027 2085 1926 1273 2048 1111 673 993 1788 2115 1040 1400 1046 1350 933 1286 1153 1188 1667 1133 768 976 662 902 1954 753 1021 1688 1053 1950 805 1550 1131 984 1064 1108 746 1052 748 1704 1915 1612 976 1162 1398 798 1734 993 1465 1312 1110 1178 1921 1222 1046 1147 711 360 2121 996 1136 1589 1215 1239 1738 1109 1679 2027 487 1730 1488 2025 953 1484 1228 875 829 1669 1725 536 974 875 777 1573 1951 1047 1830 851 1107 1117 2146 1182 991 1131 1511 909 1188 1246 1195 558 1864 982 1024 862 1646 1307 1724 2169 497 462 1104 1668 555 1088 938 1288 1284 934 1177 814 1497 1422 734 943 1013 1150 680 1538 721 1113 1018 1299 1372 897 842 1220 1244 1512 940 759 1978 731 1054 1368 1040 1206 1071 1467 636 603 1070 1290 1558 1842 1526 1315 1456 1729 2036 1099 972 1293 1042 805 919 1548 1882 623 1794 1595 725 1403 1190 1298 1927 988 785 1494 1820 1183 1064 493 1532 1013 1299 533 1389 879 2100 1380 978 1939 508 2066 447 1431 2250 1048 1632 1490 767 672 1024 2232 518 1143 2130 2080 1200 2043 1374 796 828 1052 1745 1221 1009 1444 1579 1525 1539 1710 1210 865 870 2168 885
1479 2086 1284 1545 1724 1655 1418 1541 1320 1948 1176 1384 1454 1279 2078 1381 849 1975 1337 1323 2240 1393 1646 2623 1440 2223 1411 2654 808 1742 1505 1595 1892 1453 1514 1396 987 1518 1113 2111 998 1501 2161 1230 1194 1509 1986 2421 1430 1242 1568 1362 2132 1829 1445 1032 1618 2440 1772 1287 1261 1677 1756 1077 524 1392 1227 1475 1530 1857 1616 1523 1557 1562 1704 2030 1766 1405 2588 2604 1761 1545 1281 1470 761 1467 1809 1350 1530 2428 1571 1286 2051 1949 2162 1747 862 1374 2327 1327 2422 2121 1630 2242 1809 1474 1546 1663 1885 1647 1499 1393 1319 944 2099 1933 1512 1831 1751 1698 1729 2529 1472 1526 1579 1709 1817 1350 2125 1546 1446 1816 1538 1755 1164 593 1427 1513 1979 1302 1815 1063 1517 1744 2510 1455 1922 860 1420 1585 1744 1919 2121 360 1532 1441 2156 1395 1978 2126 1842 1705 977 2249 1099 1135 1226 1948 1069 1671 1745 1776 972 1178 2017 2049 2156 1704 957 713 1523 1550 1832 1605 1459 1504 1428 1579 1474 1351 2028 1526 1637 1783 1924 2412 2318 1564 1634 1286 1734 2455 770 2204 2177 2055 830 2317 1604 1606 1334 1374 2288 2233 2411 1099 1709 1843 2157 1567 1466 2119 1004 2023 2151 1613 1196 1109 2197 1675 1447 1552 1007 2403 1729 1682 2463 1556 2056 1736 1275 1518 1779 2255 1878 1513 1446 1666 1703 990 1166 1361 1111 896 1397 1540 1674 1603 1695 1745 1459 1040 2084 1924 2563 1758 1225 1638 2309 1956 1978 2229 1106 1016 1359 1532 2207 1617 1473 1182 2094 1362 1734 1205 1570 1598 1408 2268 496 2157 2284 1326 1534 1447 1464 1870 2244 1541 1025 2128 1514 802 509 1284 493 1419 1720 1819 1556 827 1820 1811 1044 1009 956 2586 922 2266 1620 1788 788 2631
804 1028 1096 857 570 844 889 873 1643 1588 1034 768 954 936 905 513 1315 834 1356 596 1078 824 493 1914 848 1202 543 1516 1164 733 736 1865 1807 829 431 528 907 864 789 1055 1556 907 1305 1087 894 1439 895 1526 1513 1124 1445 649 1017 717 1688 937 891 1288 991 861 1542 970 1082 1211 1420 1037 669 952 1281 1005 1095 865 793 915 834 1366 752 742 1436 1780 1485 552 1045 1214 1298 831 1619 549 817 2037 994 711 927 887 1618 1878 1613 1646 1615 1732 1567 1129 897 1918 1972 726 1253 608 1416 840 1106 820 765 1196 1050 766 483 774 604 1801 632 1571 1477 844 1748 749 1535 618 1011 887 820 645 859 748 1078 1311 1386 636 1334 1087 910 1100 709 1427 1734 835 1309 1285 962 910 772 960 996 1532 360 508 1737 926 1390 1828 1200 1582 1594 1119 1345 1080 1677 1163 1022 1177 902 892 1033 1102 957 939 1267 632 1069 1323 829 1637 978 1002 853 1879 915 824 893 1245 897 1020 1170 1228 805 2047 1433 852 506 1348 897 1972 1665 1110 1077 1001 1121 1183 980 783 969 1001 1387 1501 1392 1065 981 885 1308 839 911 1130 1051 1071 1410 907 698 818 1308 744 985 1103 893 1458 697 1813 1301 885 1529 1056 681 860 1448 1085 765 852 706 1463 1714 908 766 1193 1349 1577 693 714 846 926 713 949 1343 1476 1071 1775 1938 654 1032 1116 1620 1890 880 1062 1067 1185 827 868 1111 1035 624 746 1036 1119 573 1734 1250 832 1670 1130 1501 1009 1694 1903 847 1415 1290 948 1219 819 1792 965 954 1639 1470 700 1438 1143 560 944 882 1236 1275 733 908 1117 952 1914 1239 1541 536 633 1669 1522
906 1040 1138 961 712 969 964 975 1664 1691 1055 835 1034 788 1009 506 1282 894 1397 602 1159 681 639 2055 710 1350 604 1648 1111 878 614 1903 1887 914 448 407 815 961 688 1202 1540 998 1449 1120 911 1499 921 1674 1558 1158 1513 700 1158 863 1722 907 1005 1415 1120 904 1562 1088 1203 1215 1343 892 579 1036 1355 1144 1194 963 903 1018 759 1495 898 816 1562 1926 1575 678 1087 1283 1251 697 1704 468 920 2154 1093 567 975 896 1741 1934 1577 1673 1753 1748 1713 1277 1013 2026 2027 820 1331 596 1526 964 1186 891 812 1176 1059 856 603 922 670 1857 780 1719 1530 944 1794 889 1627 657 1053 988 903 766 961 894 931 1212 1438 746 1461 1133 1050 957 815 1519 1878 920 1432 1153 1035 1017 730 1106 1136 1441 508 360 1851 995 1512 1931 1322 1657 1573 1257 1351 1093 1683 1299 1017 1278 1035 1030 904 955 1105 978 1412 779 1040 1203 930 1688 1116 1107 938 1905 991 937 980 1294 949 1110 1267 1340 949 2161 1579 960 654 1381 819 2096 1615 1254 1220 1011 1067 1318 1085 903 1023 1063 1534 1639 1540 1070 883 1030 1452 948 995 1279 1033 1218 1548 1019 639 783 1454 880 1062 1191 794 1606 843 1867 1423 988 1649 1175 691 958 1543 1198 911 949 570 1542 1778 810 742 1245 1356 1547 763 826 759 1036 854 1078 1402 1469 1219 1860 2073 802 1063 1217 1756 1969 910 1150 1073 1044 888 968 1254 915 722 723 1184 1175 659 1734 1332 947 1701 1264 1425 1142 1824 1904 949 1468 1353 1091 1367 924 1765 1091 1045 1594 1365 722 1337 1207 700 1083 986 1196 1388 745 874 1105 890 2052 1217 1679 682 708 1621 1660
1187 2258 1267 1251 1658 1255 1283 1238 1349 568 1396 1404 1212 2215 1866 1719 1667 2002 1184 1652 2053 2156 1670 950 2195 1347 1611 1842 1751 1421 2105 1258 819 1311 1806 1835 1868 1254 1865 1415 1616 1224 1043 1320 1468 1020 2125 1138 1139 1297 957 1535 1563 1553 1247 1630 1207 1805 1121 1402 1340 1127 1016 1441 1992 2353 1812 1202 992 1148 1027 1251 1308 1195 2207 790 1415 1414 1876 1092 756 1544 1292 1062 1756 2186 748 1794 1291 665 1125 1978 2092 2154 550 1092 1788 1290 811 1422 1066 1287 1200 558 1140 1393 986 1964 687 1257 1086 1354 1456 1579 2285 1875 1616 1454 1874 1059 1551 1295 1075 1269 1147 1378 702 1582 2163 1224 1323 1741 1251 1411 2291 2077 1096 1466 795 1254 1244 2252 1395 774 972 1305 799 2300 1228 1194 2126 1271 1589 2156 1737 1851 360 1271 723 535 902 856 1664 1633 1425 1416 1479 1006 1515 943 1214 1241 2107 2320 1425 2126 1101 1524 1619 2229 1283 1081 1167 1106 1289 1383 1257 1274 1248 1167 2059 1125 964 870 1560 670 1098 1251 1632 1236 2269 659 1922 1513 1527 2243 1755 1672 1126 1314 1288 1237 1121 834 1381 1460 2359 1301 1032 1262 1238 1280 1572 1229 857 1192 1743 1665 1097 1369 1196 1054 1893 1226 1458 1094 1873 1223 583 1042 1594 1257 739 1864 1547 1266 2060 854 962 1894 1642 1166 1415 1729 1464 1386 2222 1175 1414 1160 1057 1529 1328 738 823 1552 1350 1002 771 844 2107 2009 1452 2305 1372 1245 1523 2406 1489 1647 1417 1188 1829 1555 967 1265 1273 1670 2032 1676 620 1613 1263 1081 1054 1237 1359 1287 1805 1741 1181 1866 2217 1558 2168 1130 1674 1202 1226 1696 822 2034 1647 1534 1758 885 1596 824 1582 1870 1909 1718
464 1576 563 533 968 656 404 522 1116 1086 593 520 423 1310 1323 849 977 1349 805 763 1528 1269 930 1621 1313 1223 754 1718 946 827 1244 1308 1251 474 980 966 965 503 954 1141 1126 470 1126 586 575 872 1438 1386 955 609 880 654 1213 973 1140 751 597 1543 741 493 1021 643 724 770 1237 1454 907 442 719 832 612 508 582 531 1389 1017 843 544 1680 1574 948 764 522 649 1021 1310 1071 914 542 1575 540 1081 1448 1442 1207 1312 1242 1106 1315 1213 1387 1116 608 1425 1406 575 697 1175 947 648 555 466 552 844 1601 1241 808 919 1143 1234 897 1498 913 522 1187 772 1003 699 1532 522 479 1084 526 831 1379 1247 823 673 969 546 813 1342 613 896 1488 470 918 1412 402 556 1337 922 1215 1395 926 995 1271 360 989 1321 823 1022 1174 1332 874 647 1178 912 686 691 734 774 1201 1409 1064 1469 1123 860 798 1365 528 1072 810 572 459 1338 395 585 448 688 1414 510 667 789 1049 1575 1283 555 893 810 1451 1548 1339 1253 1235 1553 930 1400 569 637 433 438 1254 1212 1399 669 1519 861 1122 564 433 1112 751 1011 1125 586 834 757 1163 736 435 576 986 1372 837 1248 1587 533 1102 702 691 505 923 1438 1007 505 1190 907 1147 989 731 633 873 1190 594 626 1393 572 782 720 777 1027 1092 1228 1591 919 554 638 1303 1334 1422 1497 664 1400 468 515 1259 1538 667 735 1127 558 1100 1249 700 600 1127 1361 1303 1280 1315 1406 528 851 723 865 1245 551 1378 1289 479 1295 1408 654 1361 576 977 806 534 947 835 1292 758 761 872 1596 884 1248 844 1158 1336 1664
862 1895 1053 924 1298 905 988 914 1339 660 1168 1095 926 1898 1506 1389 1506 1639 1078 1332 1697 1826 1314 1004 1861 1027 1280 1553 1542 1061 1763 1355 1011 999 1460 1501 1593 934 1568 1070 1533 916 741 1108 1202 962 1762 930 1108 1096 906 1216 1215 1190 1275 1377 869 1481 763 1122 1294 785 670 1270 1814 2029 1500 910 837 785 738 930 972 873 1854 459 1054 1099 1570 1016 732 1198 1061 878 1580 1850 838 1466 963 1011 817 1656 1729 1791 589 1237 1693 1292 715 1431 887 950 860 919 1312 1066 809 1610 511 909 841 1051 1156 1394 1922 1512 1272 1091 1514 1177 1191 1084 1034 944 1221 1020 726 1262 1801 902 1011 1379 927 1049 1990 1860 1008 1126 437 1036 881 1962 1060 692 907 994 440 2041 951 865 1770 910 1239 1978 1390 1512 723 989 360 858 550 901 1584 1295 1298 1204 1458 647 1285 669 855 880 1827 2019 1070 1763 789 1165 1398 1991 957 1117 804 791 980 1455 966 937 943 1011 1696 839 701 561 1198 1025 853 920 1277 1124 1916 943 1819 1176 1185 1880 1535 1341 806 969 1028 980 856 642 1106 1243 2009 938 731 929 939 943 1349 878 593 857 1439 1385 800 1013 919 791 1612 982 1098 1209 1547 898 501 697 1287 937 672 1515 1184 945 1723 814 1062 1616 1352 986 1290 1634 1145 1046 1871 845 1057 804 946 1433 983 939 961 1191 1119 712 692 1072 1744 1654 1236 2024 1076 923 1186 2064 1154 1353 1070 976 1469 1540 781 925 1288 1333 1867 1326 686 1642 938 1008 913 874 1043 956 1760 1386 879 1765 2014 1253 1965 919 1314 840 900 1511 518 1673 1387 1330 1501 971 1421 665 1228 1508 1809 1443
1266 2381 1280 1332 1769 1355 1341 1317 1260 599 1410 1468 1269 2272 2003 1793 1638 2126 1149 1718 2195 2226 1773 1102 2267 1509 1688 2012 1745 1536 2186 1129 677 1379 1894 1911 1899 1330 1910 1567 1551 1294 1207 1330 1501 976 2246 1313 1071 1301 919 1603 1712 1677 1147 1652 1298 1967 1235 1447 1267 1224 1121 1425 1965 2416 1869 1262 999 1276 1096 1328 1395 1274 2302 940 1533 1481 2043 1262 747 1636 1313 1075 1732 2261 677 1865 1372 665 1198 2041 2220 2271 723 950 1724 1199 986 1321 1241 1442 1293 475 986 1471 1004 2064 776 1356 1128 1414 1512 1565 2408 2000 1704 1579 1983 930 1664 1470 1018 1347 1032 1489 688 1650 2293 1303 1391 1860 1331 1527 2334 2070 1060 1552 935 1271 1367 2288 1480 788 1143 1373 926 2314 1278 1278 2228 1407 1738 2126 1828 1931 535 1321 858 360 1017 784 1595 1789 1387 1422 1389 1146 1526 1013 1327 1359 2137 2364 1569 2252 1263 1634 1623 2232 1362 987 1291 1186 1356 1258 1313 1363 1314 1158 2185 1186 1025 964 1692 646 1271 1335 1735 1200 2365 740 1859 1669 1681 2365 1754 1831 1208 1409 1326 1275 1292 1007 1552 1466 2448 1428 1196 1348 1301 1435 1579 1377 1024 1281 1795 1702 1263 1475 1247 1107 1926 1399 1571 964 2034 1304 732 1144 1652 1333 758 2014 1675 1341 2137 827 848 1926 1687 1169 1376 1666 1533 1473 2314 1261 1524 1272 1035 1472 1480 603 959 1668 1368 1074 946 683 2228 2152 1459 2335 1428 1323 1679 2485 1570 1694 1567 1205 1938 1461 991 1357 1177 1826 1997 1825 792 1499 1343 1039 1047 1367 1522 1369 1718 1885 1247 1803 2200 1615 2151 1151 1785 1326 1307 1679 920 2144 1673 1531 1780 1032 1575 998 1683 1982 1844 1890
676 1723 925 737 1116 716 815 729 1308 790 1025 913 759 1710 1351 1199 1387 1469 1012 1145 1549 1636 1128 1158 1671 951 1091 1491 1398 881 1573 1378 1106 817 1271 1311 1419 750 1387 956 1454 737 726 976 1038 938 1588 970 1082 972 894 1029 1089 1019 1267 1214 679 1385 579 952 1245 595 479 1153 1680 1840 1314 741 773 623 586 746 782 689 1666 554 876 914 1490 1122 780 1008 921 787 1451 1659 913 1276 775 1198 644 1468 1562 1615 779 1292 1604 1270 852 1406 952 857 670 1092 1377 877 736 1423 606 719 710 872 976 1266 1751 1342 1082 921 1332 1223 1010 1108 1010 758 1241 836 801 1075 1636 717 828 1203 740 871 1805 1708 959 936 508 905 710 1781 870 722 1028 812 469 1870 789 679 1584 761 1109 1842 1200 1322 902 823 550 1017 360 942 1505 1184 1205 1068 1415 537 1136 550 672 701 1649 1834 934 1594 751 982 1250 1828 770 1126 635 613 799 1461 795 747 765 921 1528 678 584 457 1038 1209 874 731 1091 1051 1729 1134 1722 1071 1073 1707 1386 1238 625 779 872 828 860 751 1075 1102 1820 772 718 740 764 850 1201 763 668 668 1255 1210 780 827 759 654 1436 989 917 1251 1446 712 688 507 1103 752 719 1383 1019 760 1533 829 1108 1441 1174 883 1199 1545 958 856 1683 658 872 618 892 1351 873 1044 1137 1012 977 565 840 1177 1571 1507 1096 1846 899 738 1080 1874 964 1173 951 853 1287 1496 708 735 1273 1221 1739 1195 869 1618 751 969 845 715 971 768 1694 1245 706 1671 1866 1070 1818 804 1132 669 714 1379 472 1492 1221 1193 1335 1135 1297 786 1041 1328 1714 1397
1031 2207 915 1100 1581 1171 1055 1082 853 669 1039 1182 988 1943 1886 1512 1219 1963 733 1423 2091 1921 1563 1426 1967 1532 1416 2070 1341 1376 1906 814 591 1113 1640 1628 1536 1086 1569 1536 1128 1039 1274 958 1156 561 2068 1470 648 923 516 1317 1663 1531 758 1283 1098 1967 1109 1125 847 1050 990 1017 1545 2093 1551 991 662 1187 876 1086 1170 1046 2051 1000 1381 1204 2073 1516 529 1404 959 735 1315 1967 469 1573 1136 1089 967 1729 2062 2080 948 709 1301 795 1206 930 1421 1440 1098 900 795 1217 689 1831 750 1169 836 1127 1209 1156 2233 1843 1460 1445 1780 641 1488 1625 593 1108 682 1320 542 1361 2142 1070 1122 1689 1096 1372 1982 1661 646 1313 962 912 1249 1924 1242 581 1397 1107 915 1924 982 1061 1994 1328 1679 1705 1582 1657 856 1022 901 784 942 360 1174 1764 965 1039 983 1118 1147 816 1183 1226 1769 2012 1503 2088 1314 1452 1232 1831 1122 591 1188 971 1089 920 1028 1147 1049 769 2027 927 805 848 1576 1070 1394 1112 1524 783 2113 1143 1436 1652 1652 2185 1355 1820 995 1204 1000 955 1395 1168 1638 1082 2181 1316 1264 1126 1031 1433 1191 1345 1134 1077 1471 1355 1333 1294 958 846 1567 1523 1403 671 2027 1075 871 1001 1343 1090 591 1947 1546 1096 1849 484 525 1563 1352 797 954 1243 1256 1243 2056 1052 1347 1130 641 1047 1455 588 1315 1501 1005 864 1171 673 2050 2053 1075 1962 1130 1085 1661 2196 1318 1363 1530 855 1736 1060 694 1148 780 1800 1574 1762 1068 1129 1107 621 674 1273 1551 1138 1309 1803 993 1380 1784 1307 1735 813 1594 1214 1078 1266 833 1937 1309 1134 1406 1367 1162 1181 1471 1789 1421 1970
1278 2251 980 1347 1721 1469 1215 1335 717 1462 956 1261 1208 1628 2096 1451 658 2068 866 1358 2292 1685 1660 2202 1738 2024 1418 2532 857 1633 1746 980 1322 1278 1612 1527 1193 1318 1301 1954 411 1278 1868 948 1074 1008 2125 2116 886 930 1071 1324 2026 1767 844 1025 1405 2356 1528 1140 687 1428 1461 767 854 1774 1368 1229 1108 1624 1295 1322 1393 1334 1943 1661 1652 1291 2494 2240 1278 1507 1012 1078 727 1755 1283 1465 1354 1900 1301 1512 2161 2107 1719 1141 490 777 1937 710 2093 1917 1414 1709 1197 1354 1138 1807 1456 1462 1167 1235 1223 758 2271 1984 1514 1727 1838 1102 1679 2251 948 1336 980 1582 1324 1341 2245 1333 1278 1835 1340 1640 1580 1047 943 1436 1611 1000 1623 1490 1400 1283 2131 1277 1551 1373 1174 1360 1940 1732 2027 977 1594 1573 1664 1174 1584 1595 1505 1174 360 2146 666 901 610 1657 933 1315 1542 1585 1343 1605 1878 2173 1882 1644 893 1237 1341 976 1607 1332 1270 887 1208 1399 1261 943 2131 1241 1281 1421 1852 1878 2020 1369 1632 820 1991 1957 624 2066 2050 2223 901 2214 1342 1449 1100 1112 2002 1864 2188 900 2009 1674 1861 1378 1243 1912 903 1810 1798 1390 1295 1150 1917 1545 1184 1223 1229 2130 1637 1081 2398 1343 1622 1451 1273 1320 1315 2235 1807 1319 1680 1177 1129 1215 1194 984 670 441 1315 1419 1927 1370 1585 1518 999 514 1900 1368 2110 1704 984 1309 1910 1376 2111 2267 901 1483 1208 1328 2073 1960 1409 1214 1940 1030 1805 592 1167 1414 808 2174 842 2088 1844 739 1342 950 1032 1673 2046 1364 565 2088 1265 570 1101 1257 1060 1068 1725 1610 1345 752 1443 1953 1058 836 1067 2152 716 1890 1595 1866 609 2472
1110 1154 1532 1160 909 1040 1291 1174 2055 1593 1553 1260 1304 1664 727 1251 1924 943 1735 1290 834 1526 987 1494 1529 658 1200 765 1829 880 1396 2181 1928 1228 1169 1286 1646 1189 1539 588 2098 1232 956 1558 1460 1721 1065 1014 1851 1580 1691 1249 480 780 2044 1589 1110 572 1028 1378 1971 1112 1139 1740 2115 1726 1420 1285 1537 940 1285 1185 1113 1182 1349 1208 859 1232 708 1277 1604 1064 1495 1513 1943 1500 1738 1307 1151 1866 1234 1464 987 1122 1450 2113 2206 2030 1281 2155 1090 706 1102 1831 2199 1164 1498 1151 1417 1046 1391 1275 1313 1790 1178 853 1103 786 1007 2041 881 964 1787 1170 2044 926 1624 1259 1022 1178 1229 858 1168 870 1821 2043 1714 1102 1218 1513 900 1854 1117 1546 1294 1229 1241 2045 1337 1157 1238 802 487 2249 1119 1257 1633 1332 1295 1789 1184 1764 2146 360 1847 1609 2136 1017 1608 1320 980 934 1793 1842 632 1026 897 905 1698 2077 1165 1925 943 1211 1236 2246 1299 1107 1246 1620 965 1295 1341 1275 685 1893 971 1139 988 1756 1395 1741 2293 479 471 1155 1795 429 1193 1057 1406 1399 927 1195 753 1619 1511 839 966 1128 1265 713 1663 782 1142 1128 1426 1500 910 963 1332 1346 1638 904 885 2067 624 1168 1417 1132 1334 1187 1544 613 731 1187 1402 1645 1928 1652 1442 1565 1845 2157 1224 1095 1387 1151 928 1020 1649 1999 673 1863 1591 852 1522 1286 1310 1997 1052 790 1616 1941 1305 1179 470 1627 1139 1427 593 1500 988 2212 1477 1093 2042 397 2193 486 1454 2360 1164 1733 1592 861 653 1142 2351 567 1254 2253 2208 1327 2171 1482 919 925 1165 1870 1296 1097 1571 1702 1652 1529 1833 1224 993 972 2291 763
977 2013 676 1046 1449 1168 917 1033 687 1217 675 978 905 1496 1819 1216 614 1811 601 1117 2020 1522 1394 1931 1574 1718 1163 2229 768 1339 1556 961 1161 983 1375 1308 1051 1017 1132 1651 615 976 1565 649 811 770 1881 1816 699 627 830 1061 1728 1480 779 824 1101 2058 1222 860 588 1122 1156 495 939 1648 1169 925 823 1318 991 1021 1096 1030 1741 1369 1357 1009 2194 1951 1029 1234 712 782 713 1585 1069 1245 1056 1689 995 1334 1908 1870 1453 1062 758 714 1653 759 1796 1611 1111 1503 1142 1067 849 1576 1181 1161 862 946 951 587 2035 1718 1252 1432 1586 999 1396 1949 733 1037 894 1286 1083 1087 1992 1030 984 1565 1039 1345 1488 1069 689 1155 1318 695 1319 1411 1112 1021 1846 981 1259 1360 871 1056 1722 1427 1730 1099 1345 1351 1425 874 1298 1387 1205 965 666 1847 360 625 692 1353 695 1016 1238 1281 1254 1516 1577 1923 1578 1360 713 1249 1042 832 1301 1026 972 930 908 1099 960 647 1876 935 981 1124 1560 1673 1718 1068 1362 548 1796 1724 880 1764 1748 1986 796 1914 1037 1151 802 808 1699 1574 1882 641 1831 1372 1558 1078 942 1607 695 1504 1504 1086 1088 941 1613 1249 880 919 1087 1826 1346 991 2102 1041 1351 1145 1028 1019 1055 1947 1517 1020 1491 932 979 1078 971 682 371 699 1040 1129 1732 1065 1293 1212 730 513 1595 1187 1852 1420 692 1006 1629 1230 1866 1992 638 1429 921 1027 1771 1805 1133 989 1637 724 1550 749 877 1113 748 1876 970 1794 1578 917 1042 708 749 1368 1740 1066 866 1800 960 827 1181 1005 1133 764 1454 1305 1043 675 1151 1715 858 618 912 1886 574 1602 1321 1611 871 2167
750 1748 512 818 1185 941 683 809 931 1212 415 719 695 1287 1558 954 691 1546 693 856 1757 1292 1129 1849 1342 1510 898 2001 699 1092 1311 1179 1265 741 1112 1052 860 789 911 1426 857 757 1400 457 546 842 1616 1660 851 480 883 796 1489 1226 995 608 884 1818 1025 599 828 925 989 496 972 1440 926 717 785 1118 841 794 857 817 1489 1254 1112 750 1957 1830 1036 971 506 713 744 1349 1123 990 819 1708 807 1099 1642 1606 1397 1239 958 942 1551 1015 1653 1403 895 1535 1328 812 790 1314 1121 933 723 694 687 561 1770 1454 986 1187 1321 1166 1138 1778 845 805 1083 1042 1095 821 1727 809 740 1301 811 1100 1309 1023 762 895 1203 528 1100 1247 858 1004 1735 740 1146 1252 659 843 1463 1209 1488 1135 1080 1093 1416 647 1204 1422 1068 1039 901 1609 625 360 956 1185 468 895 1021 1060 1090 1338 1345 1657 1403 1102 563 1173 807 990 1097 841 736 1172 682 867 735 630 1610 756 862 1007 1310 1700 1558 840 1098 663 1545 1711 1052 1535 1516 1721 698 1677 844 912 575 605 1531 1457 1686 404 1589 1145 1395 848 720 1400 516 1298 1376 872 843 703 1442 1005 681 776 893 1653 1095 1168 1857 820 1290 971 765 790 1038 1693 1265 788 1247 958 1111 888 721 613 628 908 777 878 1482 857 1045 1006 758 765 1379 1267 1796 1163 454 863 1534 1343 1601 1731 396 1283 666 801 1541 1575 870 738 1411 592 1285 1015 811 883 971 1636 1031 1547 1516 1182 811 791 735 1152 1532 830 1106 1547 756 1009 1171 740 1122 650 1191 1093 821 671 1046 1451 637 486 727 1814 598 1491 1058 1345 1049 1949
1272 2345 975 1342 1772 1458 1222 1326 490 1288 1003 1300 1195 1803 2138 1548 841 2140 768 1450 2341 1842 1721 2043 1894 1976 1494 2503 1040 1644 1884 730 1098 1291 1708 1640 1358 1314 1451 1928 589 1268 1781 963 1143 856 2212 2016 712 932 915 1391 2020 1791 608 1149 1386 2349 1483 1185 530 1389 1396 828 1097 1954 1497 1213 1002 1580 1231 1318 1399 1314 2072 1545 1660 1330 2478 2109 1114 1559 1020 998 933 1907 1090 1577 1359 1691 1264 1658 2238 2203 1560 896 735 550 1799 460 1982 1871 1394 1499 948 1383 1039 1909 1317 1452 1111 1262 1279 890 2367 2044 1580 1735 1917 863 1712 2161 785 1336 741 1589 1152 1418 2322 1321 1294 1889 1334 1648 1777 1279 816 1476 1498 991 1598 1692 1427 1134 1994 1288 1440 1599 1165 1339 2054 1703 2025 1226 1677 1683 1479 1178 1458 1389 1415 983 610 2136 692 956 360 1582 1026 1229 1517 1562 1538 1803 1864 2253 1805 1676 1027 1469 1344 762 1568 1290 1277 643 1208 1397 1257 878 2205 1202 1198 1322 1867 1666 1926 1362 1688 741 2125 1762 864 2045 2033 2318 1078 2202 1305 1453 1110 1104 1914 1740 2124 974 2157 1657 1773 1374 1238 1866 1019 1765 1685 1368 1417 1270 1835 1553 1165 1162 1395 2044 1655 838 2397 1331 1471 1392 1360 1317 1162 2257 1825 1319 1818 1016 906 1384 1302 931 688 691 1366 1442 2061 1345 1600 1482 883 594 1864 1153 1937 1735 1013 1239 1768 1143 2197 2312 971 1695 1241 1322 2052 2123 1457 1321 1917 996 1880 441 1066 1409 574 2168 1090 2095 1683 588 1340 811 931 1642 1998 1367 688 2108 1243 812 1346 1337 1303 1016 1779 1578 1334 933 1334 2048 1184 943 1222 1987 859 1761 1645 1941 846 2429
721 1615 1054 778 1038 704 892 777 1479 937 1137 959 854 1710 1219 1194 1514 1360 1176 1158 1409 1620 1068 1120 1649 774 1089 1313 1499 803 1539 1556 1271 871 1234 1297 1471 801 1419 789 1606 809 575 1101 1120 1113 1485 834 1256 1105 1071 1051 930 916 1442 1294 705 1213 551 1028 1412 633 558 1286 1789 1829 1331 833 942 518 722 796 797 748 1607 581 791 951 1315 1030 953 980 1041 946 1569 1633 1083 1272 806 1280 738 1468 1448 1518 846 1468 1749 1443 814 1578 835 681 693 1205 1551 897 904 1361 759 710 851 931 1027 1386 1642 1232 1056 816 1252 1400 932 956 1184 799 1418 775 969 1092 1517 769 880 1107 784 790 1822 1795 1129 928 572 1034 617 1810 875 897 957 867 585 1925 889 728 1515 624 953 1948 1163 1299 1006 912 647 1146 537 1118 1657 1017 1353 1185 1582 360 1238 713 624 630 1691 1850 782 1482 584 911 1351 1898 808 1303 544 704 859 1638 879 764 836 1077 1414 790 744 634 914 1299 732 764 1034 1211 1668 1189 1861 901 906 1602 1482 1068 704 770 975 940 707 701 901 1215 1767 663 570 767 843 675 1303 595 609 705 1285 1267 619 779 865 794 1483 833 842 1428 1276 761 783 574 1136 802 892 1229 904 808 1507 1006 1284 1490 1223 1033 1348 1692 985 855 1628 708 811 590 1062 1503 704 1206 1135 927 1091 708 817 1339 1467 1366 1209 1881 963 787 910 1836 964 1218 787 991 1209 1663 877 747 1447 1054 1853 1040 900 1790 791 1140 1011 596 793 796 1851 1098 793 1812 1958 1107 1911 949 1056 579 761 1495 645 1409 1294 1307 1406 1113 1422 740 990 1242 1855 1220
777 1685 608 844 1150 962 712 838 1016 1312 479 708 744 1183 1526 885 675 1495 800 788 1720 1194 1087 1928 1245 1535 845 2007 621 1088 1222 1275 1373 756 1046 974 752 816 809 1439 894 794 1452 556 508 951 1556 1712 956 586 991 751 1488 1209 1091 501 916 1814 1066 593 914 969 1047 560 911 1336 834 765 888 1154 912 821 868 855 1406 1327 1110 736 1957 1896 1140 938 586 813 701 1254 1230 910 836 1809 862 1003 1589 1542 1486 1343 967 1034 1626 1094 1712 1430 927 1639 1431 804 889 1245 1212 954 805 700 659 543 1707 1411 941 1182 1266 1271 1116 1823 953 827 1185 1043 1199 767 1673 842 752 1263 837 1098 1200 935 870 874 1277 620 1123 1138 851 1105 1805 757 1222 1148 711 879 1388 1231 1484 1069 1022 1017 1515 686 1285 1526 1136 1147 933 1608 695 468 1026 1238 360 975 1048 1083 982 1230 1353 1602 1449 1082 473 1075 826 1096 1130 895 757 1260 720 885 768 738 1558 818 944 1085 1298 1802 1610 864 1060 767 1460 1808 1044 1543 1521 1658 610 1677 894 923 625 668 1580 1528 1717 426 1498 1161 1448 869 758 1427 425 1328 1444 907 753 607 1489 1007 738 853 785 1697 1085 1272 1849 851 1379 1026 701 816 1139 1672 1252 812 1157 1064 1219 780 635 717 701 924 750 873 1397 896 1040 1042 866 814 1400 1375 1882 1143 527 936 1611 1452 1542 1696 433 1175 667 829 1548 1478 843 654 1423 686 1232 1077 908 903 1065 1633 977 1537 1603 1247 835 900 842 1177 1557 847 1134 1529 805 1007 1090 684 1042 744 1153 1122 853 626 1126 1387 532 457 619 1897 587 1563 1025 1293 1043 1965
613 1765 747 679 1141 723 699 664 1126 773 859 821 630 1631 1431 1141 1205 1517 823 1069 1636 1576 1134 1313 1616 1117 1035 1654 1232 924 1533 1221 1016 729 1242 1259 1295 677 1283 1095 1263 642 915 800 899 766 1627 1161 905 792 731 953 1213 1078 1094 1071 655 1527 655 824 1058 596 541 970 1507 1771 1228 619 589 739 444 675 745 622 1652 720 928 831 1643 1302 680 987 752 596 1275 1609 820 1214 720 1248 545 1395 1614 1645 877 1159 1414 1091 1016 1225 1140 1015 653 1108 1249 818 550 1417 617 722 532 770 873 1089 1792 1394 1053 990 1349 1085 1042 1298 835 695 1084 870 722 1000 1694 651 741 1243 678 919 1708 1551 776 901 669 728 794 1673 828 618 1202 723 611 1739 650 628 1582 878 1228 1671 1177 1278 943 691 669 1013 550 816 1315 1320 1016 895 1229 713 975 360 727 770 1532 1738 1053 1643 936 1008 1088 1683 709 966 737 534 706 1293 674 715 665 731 1579 542 394 472 1120 1251 1065 685 1094 861 1715 1217 1534 1213 1209 1746 1225 1379 557 766 721 672 1049 926 1255 934 1796 860 907 698 654 1009 1039 913 850 636 1159 1088 967 847 617 482 1317 1178 954 1109 1584 652 771 548 1010 680 634 1493 1091 689 1485 692 975 1320 1061 694 1009 1356 882 823 1663 613 900 674 708 1161 1020 970 1268 1052 810 421 998 1095 1609 1597 927 1731 789 670 1222 1833 917 1065 1087 671 1303 1310 524 711 1097 1355 1563 1310 989 1436 690 788 657 821 1138 718 1504 1348 597 1482 1704 974 1656 618 1155 760 655 1204 510 1508 1083 1022 1196 1281 1118 957 1041 1353 1525 1569
511 1415 921 564 803 451 699 572 1435 1094 967 725 693 1446 1064 929 1350 1162 1115 898 1269 1356 819 1384 1386 849 826 1351 1300 569 1279 1572 1379 653 974 1032 1226 593 1164 773 1493 625 802 955 912 1110 1279 1055 1234 972 1087 796 865 715 1428 1076 497 1192 452 819 1350 496 567 1143 1593 1565 1070 672 925 479 674 588 551 568 1359 823 567 709 1321 1280 1042 716 891 894 1389 1371 1182 1008 575 1507 614 1203 1258 1304 1079 1524 1615 1411 1078 1534 1074 742 487 1404 1614 647 887 1114 911 459 771 712 792 1217 1442 1037 792 623 1019 1449 698 1146 1173 580 1437 524 1078 834 1334 571 659 893 571 560 1560 1573 1096 664 794 902 441 1551 617 980 1216 651 776 1677 728 542 1274 549 875 1745 902 1035 1214 734 855 1327 672 1183 1542 980 1238 1021 1517 624 1048 727 360 405 1437 1588 707 1288 782 669 1154 1661 583 1318 451 592 650 1630 698 526 646 999 1223 675 739 727 753 1520 953 543 782 1136 1421 1432 1714 888 875 1398 1275 1045 573 512 807 790 915 965 1028 1041 1516 501 802 539 661 739 1110 639 873 512 1029 1029 825 519 718 728 1234 1020 604 1471 1243 561 997 547 885 592 990 1130 724 595 1245 1058 1341 1243 980 945 1235 1562 735 596 1377 533 561 415 1033 1391 718 1327 1397 701 928 680 1081 1456 1261 1230 1037 1625 746 580 895 1578 702 973 760 882 974 1593 868 507 1424 1012 1664 952 1152 1739 573 1117 974 491 871 564 1745 983 638 1670 1739 859 1695 861 820 434 559 1314 767 1180 1070 1131 1176 1378 1257 1005 734 1016 1710 1290
550 1382 964 602 778 481 737 611 1480 1128 1006 753 736 1446 1023 932 1388 1128 1161 908 1226 1351 800 1384 1379 811 831 1307 1332 541 1269 1617 1419 687 964 1030 1244 631 1177 729 1536 666 790 997 944 1155 1247 1037 1280 1014 1132 812 820 679 1473 1105 539 1147 484 852 1396 541 604 1184 1626 1562 1079 716 971 473 719 626 579 611 1340 839 534 734 1276 1270 1083 713 933 940 1424 1363 1223 1010 607 1530 660 1205 1222 1273 1100 1568 1656 1457 1082 1580 1062 706 530 1433 1658 669 932 1095 944 489 817 745 819 1255 1409 1002 788 583 994 1493 671 1121 1218 617 1483 505 1117 847 1298 612 692 861 609 529 1565 1600 1142 672 815 945 399 1561 634 1021 1212 686 801 1693 771 585 1252 508 829 1776 892 1030 1241 774 880 1359 701 1226 1585 934 1281 1060 1562 630 1083 770 405 360 1451 1593 661 1253 764 646 1188 1682 617 1363 445 638 687 1676 739 558 686 1045 1187 720 783 763 711 1545 936 580 765 1181 1402 1451 1753 844 830 1366 1306 999 619 532 847 833 896 968 995 1079 1499 455 791 574 702 703 1145 606 878 555 1043 1052 807 510 762 774 1251 996 578 1516 1197 602 1021 587 903 630 1029 1085 684 632 1238 1102 1385 1261 1001 990 1278 1603 754 611 1360 577 542 455 1079 1435 678 1366 1405 671 968 725 1087 1496 1229 1187 1075 1636 778 619 851 1566 712 992 716 927 949 1638 914 540 1470 967 1697 906 1166 1785 609 1162 1020 453 833 596 1788 939 682 1710 1766 879 1723 907 795 413 600 1350 801 1153 1097 1168 1201 1382 1295 1008 720 988 1750 1249
1217 1489 1220 1278 1244 1349 1198 1284 1574 1913 1091 1097 1263 670 1550 909 1057 1411 1417 904 1686 782 1165 2442 828 1847 989 2189 858 1349 902 1855 1995 1192 990 868 598 1261 634 1709 1331 1272 1880 1173 999 1573 1402 2128 1566 1206 1613 1000 1688 1382 1673 846 1348 1958 1499 1067 1480 1428 1536 1143 935 800 741 1277 1498 1557 1453 1266 1253 1321 1096 1843 1372 1101 2106 2357 1751 1126 1184 1422 975 856 1849 846 1246 2408 1369 709 1475 1357 2048 1949 1290 1608 2132 1628 2152 1760 1359 2247 2033 1153 1493 1093 1787 1342 1380 1137 1033 1026 1500 1395 1066 1418 1205 1881 1287 2200 1571 1257 1784 1336 1809 963 1543 1294 1181 1309 1274 1364 598 742 1492 1140 1798 1227 1483 518 1180 1710 2288 1197 1753 612 1242 1335 1147 1566 1669 972 1033 904 2107 1201 1827 2137 1649 1769 1343 1793 1254 1090 1538 1691 982 1532 1437 1451 360 624 1610 1468 1856 1274 910 668 1247 1706 1528 1397 1210 1810 1221 1286 1244 1360 1457 1352 1507 1628 1474 2405 2027 1289 1168 1378 1123 2389 1272 1778 1745 1459 821 1857 1384 1285 1178 1229 1987 2023 2041 1047 1098 1486 1879 1285 1248 1760 943 1681 1932 1352 768 803 1899 1312 1275 1414 575 2079 1322 1878 1967 1300 1943 1510 914 1259 1741 1742 1432 1251 848 1682 1837 572 835 1335 1264 1285 1065 1201 1065 1356 1310 1461 1488 1304 1709 1996 2426 1313 1130 1479 2126 2074 1395 1682 1054 558 1111 1274 1779 1012 1099 836 1691 1292 1201 1559 1507 1303 1641 1803 1007 1682 2153 1720 1265 1521 1460 1534 1866 1255 1488 1634 1307 1273 860 944 845 1346 1234 1503 1299 965 1675 1232 823 1011 722 2424 1046 2062 1175 1245 1284 2195
1397 1391 1457 1456 1306 1506 1398 1465 1838 2134 1332 1283 1468 542 1549 1021 1322 1374 1669 1052 1648 690 1234 2610 711 1945 1122 2219 1122 1461 831 2117 2241 1379 1041 937 837 1444 815 1797 1595 1464 2022 1414 1223 1820 1332 2258 1822 1449 1856 1165 1749 1458 1935 1090 1519 1982 1661 1279 1743 1603 1716 1401 1174 582 881 1479 1731 1704 1656 1448 1418 1506 985 2023 1483 1280 2125 2502 1980 1245 1417 1654 1238 744 2087 944 1420 2625 1564 753 1418 1278 2245 2207 1546 1870 2302 1893 2292 1869 1530 2471 2292 1319 1722 1070 1996 1500 1598 1330 1226 1289 1396 1390 1173 1515 1207 2137 1374 2312 1823 1436 2043 1462 2038 1121 1472 1477 1368 1343 1453 1477 389 968 1740 1283 1982 1463 1619 478 1336 1936 2444 1385 1941 697 1452 1515 1067 1689 1725 1178 1102 955 2320 1409 2019 2364 1834 2012 1605 1842 1516 1338 1803 1850 1230 1738 1588 1593 624 360 1700 1401 1991 1370 1168 829 1424 1962 1675 1588 1399 2074 1424 1453 1438 1604 1407 1556 1716 1826 1543 2624 2161 1464 1248 1633 991 2593 1518 1848 1813 1362 1085 1900 1572 1439 1398 1449 2117 2190 2135 1296 931 1610 2024 1456 1445 1870 1197 1803 2098 1528 940 1022 2033 1445 1484 1626 805 2196 1429 2136 1979 1481 2143 1689 1091 1442 1966 1745 1506 1433 806 1918 2089 810 1038 1574 1525 1545 1236 1354 946 1536 1430 1620 1731 1568 1812 2237 2609 1397 1367 1681 2300 2321 1330 1653 1303 530 1309 1456 1847 815 1246 1033 1779 1525 1216 1823 1733 1468 1904 1845 1239 1721 2343 1983 1443 1770 1699 1666 1962 1427 1744 1661 1504 1524 1043 1126 1044 1576 1293 1646 1480 1229 1874 1184 1063 1268 973 2599 1310 2229 1270 1245 1531 2245
840 1224 1261 891 759 769 1024 904 1782 1357 1290 1005 1033 1532 805 1061 1666 974 1463 1078 987 1409 826 1404 1423 606 988 1015 1585 635 1296 1912 1679 964 1020 1124 1436 920 1343 458 1830 961 797 1290 1206 1451 1104 959 1580 1310 1423 1016 520 603 1773 1348 838 845 759 1120 1698 840 874 1474 1876 1619 1229 1014 1267 676 1014 916 848 910 1303 995 611 980 976 1226 1349 848 1226 1241 1691 1399 1486 1128 885 1685 962 1308 1052 1148 1254 1851 1943 1758 1141 1882 1016 553 830 1624 1939 910 1228 1070 1176 776 1118 1014 1064 1532 1251 852 904 552 934 1778 687 979 1516 902 1776 670 1374 1035 1113 907 965 770 899 622 1676 1822 1442 864 994 1243 627 1693 865 1289 1207 964 1006 1862 1067 885 1198 535 536 2017 957 1105 1425 1064 1070 1569 934 1503 1878 632 1577 1345 1864 782 1353 1053 707 661 1610 1700 360 1088 742 696 1448 1876 898 1657 676 938 969 1975 1030 839 977 1347 1021 1022 1072 1019 539 1708 880 869 811 1483 1359 1577 2034 550 531 1215 1554 698 920 792 1138 1129 831 1037 795 1358 1470 567 805 860 995 557 1410 559 964 856 1219 1270 773 706 1061 1074 1435 874 653 1803 896 897 1203 865 1106 918 1291 809 561 919 1285 1382 1667 1447 1214 1292 1575 1893 980 842 1334 879 682 748 1378 1730 490 1619 1469 662 1256 1016 1161 1752 1087 944 1355 1776 1046 910 555 1566 904 1200 440 1228 900 1939 1207 824 1770 665 1951 620 1284 2087 896 1462 1320 592 622 875 2083 675 982 1993 1988 1094 1948 1209 775 655 894 1618 1046 1069 1333 1444 1424 1422 1574 1073 796 910 2032 974
1300 495 1658 1351 867 1280 1427 1369 2213 2022 1610 1323 1481 1224 661 1082 1890 486 1914 1174 627 1075 899 2124 1050 1281 1120 1288 1727 1080 937 2418 2298 1359 923 1025 1430 1368 1301 1142 2136 1418 1526 1656 1471 1973 429 1656 2065 1691 1968 1222 1008 935 2248 1512 1351 1060 1377 1430 2113 1407 1496 1790 1959 1220 1197 1472 1799 1337 1573 1367 1281 1402 786 1704 1080 1293 1176 1926 1963 1065 1607 1743 1866 1017 2103 1081 1317 2402 1481 1125 398 489 1968 2410 2187 2211 1869 2305 1725 1273 1351 2322 2503 1254 1766 746 1838 1281 1622 1369 1335 1775 522 611 1033 1033 696 2333 960 1627 2021 1345 2295 1133 2003 1197 436 1380 1352 759 1355 1088 1391 1816 1932 1156 1691 1646 1244 1460 1220 1901 1924 1364 1689 1693 1498 1387 694 1218 974 2049 939 978 2126 1469 1763 2252 1594 2088 2173 1026 1923 1657 2253 1482 1602 1643 1288 1253 1468 1401 1088 360 1470 995 1644 1776 1332 2178 1320 1477 1379 2444 1450 1301 1414 1798 428 1525 1647 1656 929 2421 1593 1337 936 1912 805 2302 2232 1106 1073 490 1683 1051 1453 1244 1524 1548 1545 1766 1416 1644 913 1185 1534 1323 1434 1278 1630 1284 1690 1371 1253 1389 1499 1155 1513 1603 1405 1554 1049 2349 1027 1374 1903 1475 1260 1365 1914 809 938 1359 981 1964 2235 1421 1341 1743 1926 2154 1252 1213 828 1396 1103 1344 1880 2056 1213 2252 2197 950 1603 1587 1889 2378 432 650 1646 1547 1383 1367 1100 1050 1165 1321 1131 1668 733 2313 1756 1300 2233 1006 2041 910 2008 2480 1345 1958 1823 1248 1286 1314 2370 824 1461 2209 1959 1279 1937 1680 855 1286 1371 1808 1695 597 1481 1697 1507 2147 1818 1801 986 673 2237 1363
917 1605 1276 972 1101 873 1097 975 1700 1088 1353 1145 1068 1837 1180 1329 1733 1356 1400 1313 1345 1732 1151 1025 1754 606 1233 1124 1707 894 1634 1761 1440 1065 1337 1419 1648 998 1582 695 1831 1015 419 1321 1322 1329 1486 633 1473 1327 1283 1217 844 953 1657 1492 898 1064 743 1229 1635 839 781 1508 2000 1944 1482 1046 1163 664 947 993 973 953 1668 692 874 1131 1143 873 1145 1106 1260 1171 1784 1734 1263 1406 992 1329 956 1599 1433 1529 914 1659 1973 1661 760 1798 661 561 886 1297 1737 1070 1126 1427 931 881 1075 1126 1213 1604 1632 1234 1178 865 1300 1595 1004 735 1401 992 1624 888 1149 1252 1491 969 1073 1140 979 878 1964 1992 1350 1076 716 1256 733 1963 1038 1094 834 1062 758 2098 1103 930 1567 666 875 2156 1267 1412 1101 1123 789 1263 751 1314 1882 897 1578 1403 1805 584 1449 936 782 764 1856 1991 742 1470 360 996 1559 2083 997 1512 691 922 1058 1850 1088 945 1041 1302 1402 1011 968 847 915 1356 531 954 1124 1436 1726 1209 2084 778 796 1597 1687 931 918 934 1189 1158 493 662 685 1430 1834 742 429 954 1050 554 1513 560 605 903 1448 1451 403 907 1082 1019 1656 610 930 1625 1132 960 892 794 1307 998 1082 1139 924 1004 1612 1210 1479 1665 1402 1258 1572 1916 1157 1015 1695 912 920 771 1283 1728 617 1368 1087 990 1308 933 783 1501 1469 1300 1425 2040 1159 984 787 1919 1116 1395 703 1215 1261 1886 1099 926 1664 933 2066 958 918 2010 984 1360 1234 684 619 981 2076 1033 1007 2036 2157 1282 2112 1174 1119 712 959 1709 847 1444 1489 1522 1597 1040 1640 695 1090 1281 2078 1017
669 1117 1061 719 494 645 816 737 1617 1399 1048 743 858 1208 823 724 1398 870 1304 747 1028 1096 517 1650 1117 937 657 1310 1288 467 999 1798 1663 746 701 792 1106 740 1008 795 1599 790 1037 1073 934 1344 978 1254 1447 1103 1335 705 789 488 1636 1048 715 1100 762 863 1521 775 873 1238 1571 1308 893 846 1167 753 937 738 650 768 1055 1125 483 712 1246 1509 1328 519 1015 1115 1407 1097 1468 793 690 1816 846 977 969 998 1386 1778 1689 1606 1355 1713 1296 858 716 1714 1871 653 1132 809 1218 646 992 774 784 1266 1143 751 567 505 709 1701 397 1301 1397 716 1670 505 1370 713 1050 748 742 596 725 482 1345 1499 1310 568 1101 1046 653 1358 608 1267 1466 749 1085 1526 881 751 966 689 777 1704 632 779 1524 860 1165 1634 982 1452 1644 905 1360 1102 1676 911 1082 1008 669 646 1274 1370 696 995 996 360 1163 1543 705 1552 728 841 763 1836 834 667 791 1185 934 892 1011 1031 581 1830 1161 704 488 1310 1116 1737 1765 869 839 1097 1252 973 817 609 926 937 1115 1242 1129 1104 1216 618 1040 690 812 859 1131 799 1154 735 886 954 1037 521 891 969 1102 1187 429 1719 1130 741 1306 850 789 737 1281 951 535 732 976 1328 1601 1115 897 1129 1360 1644 692 594 1077 760 470 723 1255 1506 802 1618 1683 420 1027 952 1364 1743 961 997 1103 1440 798 737 871 1289 600 881 777 1055 664 1744 1121 664 1625 924 1649 818 1451 1904 715 1335 1197 684 955 685 1848 806 830 1729 1664 784 1626 1058 510 692 738 1336 1073 870 1028 1179 1107 1653 1310 1282 460 708 1765 1294
885 1719 713 951 1218 1066 822 946 1039 1415 589 803 858 1143 1592 922 606 1543 870 832 1780 1174 1149 2041 1226 1639 902 2100 508 1179 1220 1313 1453 861 1082 994 698 923 783 1537 862 904 1564 659 603 1032 1594 1824 1016 683 1078 820 1579 1291 1129 492 1024 1901 1176 695 941 1080 1160 593 800 1295 837 878 988 1262 1026 929 970 966 1413 1441 1201 828 2045 2009 1238 1012 697 916 604 1239 1320 932 940 1911 975 991 1635 1575 1597 1399 904 1066 1740 1107 1825 1534 1036 1737 1484 898 993 1275 1321 1058 917 803 745 499 1739 1469 1003 1272 1312 1331 1194 1933 1024 933 1235 1138 1297 827 1718 951 856 1327 944 1190 1139 823 949 957 1391 727 1227 1068 944 1207 1919 863 1336 1052 824 989 1406 1334 1573 957 1069 1040 1619 798 1398 1623 1250 1232 893 1698 713 563 1027 1351 473 1088 1154 1188 910 1168 1448 1644 1559 1163 360 970 931 1156 1238 1009 864 1281 831 989 878 827 1605 932 1056 1198 1382 1902 1721 971 1126 829 1464 1914 964 1638 1615 1690 497 1767 1007 1023 739 781 1691 1642 1823 519 1490 1262 1560 975 869 1532 409 1433 1558 1017 762 617 1600 1102 852 966 734 1807 1173 1328 1933 960 1490 1139 753 924 1241 1747 1336 919 1154 1158 1289 725 663 815 722 869 834 966 1399 1007 1130 1151 954 799 1502 1461 1994 1222 638 1050 1724 1530 1581 1759 527 1095 769 937 1643 1456 922 683 1521 793 1282 1067 1013 1007 1099 1722 869 1621 1714 1237 941 976 936 1282 1660 951 1086 1607 917 933 976 745 928 851 1219 1228 961 533 1239 1421 525 461 559 2009 537 1676 1097 1342 966 2063
1416 1795 1322 1479 1530 1570 1374 1481 1536 2025 1194 1300 1429 951 1853 1186 1005 1719 1459 1157 1993 1082 1451 2627 1122 2104 1247 2478 850 1605 1207 1821 2044 1387 1287 1164 801 1457 897 1974 1242 1456 2100 1268 1150 1630 1710 2356 1587 1293 1680 1233 1968 1659 1651 974 1553 2251 1710 1236 1456 1626 1724 1174 751 1048 1016 1447 1598 1780 1613 1462 1470 1512 1398 2023 1629 1312 2399 2569 1848 1388 1300 1526 905 1153 1925 1133 1454 2521 1544 1016 1784 1665 2199 1947 1149 1581 2320 1567 2371 2010 1565 2346 2021 1374 1603 1401 1926 1562 1517 1327 1232 1035 1805 1699 1337 1683 1510 1887 1561 2443 1610 1458 1777 1584 1907 1205 1851 1489 1378 1605 1474 1620 818 549 1545 1383 1974 1335 1717 720 1408 1818 2489 1391 1923 508 1400 1530 1454 1811 1951 713 1323 1203 2229 1365 1991 2232 1828 1831 1237 2077 1249 1173 1469 1898 1075 1683 1661 1682 668 829 1876 1776 2083 1543 970 360 1451 1721 1752 1575 1400 1751 1392 1499 1427 1434 1765 1513 1653 1790 1754 2512 2253 1494 1448 1412 1420 2523 1091 2052 2021 1765 837 2143 1568 1510 1322 1371 2217 2215 2297 1129 1381 1731 2098 1493 1425 2010 1016 1923 2127 1553 1017 992 2126 1556 1432 1561 801 2319 1583 1877 2263 1497 2092 1700 1141 1456 1851 2042 1710 1449 1156 1765 1867 788 1041 1425 1261 1164 1287 1432 1364 1551 1562 1675 1558 1248 1964 2059 2592 1589 1241 1638 2308 2116 1704 1988 1137 663 1296 1471 2054 1278 1342 1049 1956 1401 1503 1468 1622 1517 1616 2090 798 1971 2313 1612 1466 1570 1545 1771 2124 1464 1336 1929 1482 1109 573 1163 580 1459 1522 1732 1497 934 1833 1541 967 1060 854 2601 1036 2252 1448 1549 1107 2475
336 1447 730 392 825 495 485 405 1276 1122 752 511 513 1300 1165 796 1132 1209 960 735 1372 1234 801 1555 1272 1069 688 1553 1076 660 1184 1453 1342 430 893 912 1023 396 979 978 1293 445 1010 753 689 1000 1308 1268 1101 776 995 619 1045 810 1291 855 462 1376 618 596 1184 541 652 935 1370 1434 903 500 827 694 626 396 416 448 1304 959 676 505 1513 1478 1016 643 690 771 1167 1263 1151 872 375 1587 524 1060 1308 1318 1185 1437 1405 1263 1245 1374 1280 964 474 1456 1531 470 795 1073 957 487 650 489 579 998 1472 1095 705 751 1018 1360 742 1367 1051 374 1325 605 1065 664 1391 418 436 937 391 664 1395 1355 965 553 918 712 656 1373 481 958 1403 428 878 1477 539 451 1238 764 1047 1523 829 930 1283 528 957 1362 770 1122 1341 1165 1042 807 1344 808 826 709 583 617 1247 1424 898 1332 997 705 931 1451 360 1208 669 536 431 1492 495 419 447 842 1274 555 700 773 883 1593 1165 403 762 970 1367 1538 1499 1087 1069 1425 1053 1233 516 469 600 599 1130 1136 1251 823 1447 698 1008 404 467 961 888 862 1045 465 846 819 1039 569 545 636 1036 1241 674 1377 1419 419 1087 625 695 392 978 1273 841 386 1138 999 1264 1043 775 785 1041 1354 547 481 1314 472 617 585 910 1195 934 1306 1545 761 718 648 1240 1424 1291 1339 819 1441 523 398 1093 1485 568 772 963 712 973 1415 788 436 1281 1193 1441 1112 1280 1571 379 990 852 711 1091 383 1545 1124 489 1456 1519 663 1475 713 836 657 417 1092 821 1174 851 912 960 1539 1040 1174 709 1028 1496 1503
1123 2288 909 1192 1672 1286 1113 1175 632 901 1010 1228 1057 1918 2006 1541 1082 2056 658 1446 2213 1918 1641 1657 1967 1717 1458 2256 1237 1491 1924 615 707 1180 1685 1652 1486 1172 1542 1702 936 1122 1478 934 1147 569 2150 1687 500 896 594 1353 1817 1647 527 1237 1210 2134 1258 1144 652 1181 1147 924 1398 2071 1548 1067 752 1345 1004 1174 1261 1147 2087 1213 1501 1255 2249 1746 748 1476 960 797 1182 1972 694 1593 1223 1290 1075 1724 2155 2154 1180 609 1106 571 1436 700 1643 1618 1213 1098 700 1285 790 1885 967 1283 921 1177 1237 1052 2313 1943 1520 1571 1855 535 1589 1841 519 1196 479 1434 772 1393 2239 1165 1187 1786 1187 1490 1933 1541 610 1384 1172 914 1393 1864 1319 785 1628 1175 1119 1830 1040 1167 2044 1483 1830 1550 1637 1688 1081 1072 1117 987 1126 591 976 1925 832 990 762 1303 1096 966 1318 1363 1706 1962 1657 2178 1512 1552 1156 1721 1208 360 1342 1089 1159 698 1089 1246 1124 753 2121 1022 944 1029 1705 1265 1607 1209 1603 689 2147 1361 1241 1820 1815 2265 1261 1985 1111 1305 1028 995 1604 1392 1838 1029 2203 1458 1468 1223 1104 1612 1124 1518 1351 1189 1465 1332 1535 1403 1025 952 1520 1734 1513 539 2190 1172 1101 1152 1358 1176 805 2088 1670 1181 1863 664 514 1514 1342 804 820 1051 1303 1326 2086 1164 1456 1271 658 871 1626 753 1543 1606 990 1000 1401 766 2133 2177 1023 1890 1170 1175 1828 2200 1380 1356 1694 877 1812 835 810 1251 551 1960 1415 1909 1300 897 1197 581 715 1425 1736 1227 1090 1941 1082 1186 1645 1326 1598 858 1683 1362 1175 1147 1025 2005 1268 1055 1348 1598 1045 1407 1552 1870 1225 2163
593 1451 987 647 858 541 778 652 1478 1066 1044 815 763 1531 1076 1016 1427 1196 1161 988 1275 1437 884 1299 1465 776 913 1295 1385 621 1355 1597 1371 738 1050 1115 1317 674 1254 723 1557 700 711 1025 997 1137 1318 964 1269 1038 1108 888 836 746 1462 1164 574 1153 445 904 1399 540 558 1213 1678 1648 1160 741 954 388 703 669 642 639 1423 757 611 800 1275 1190 1038 798 961 934 1470 1449 1176 1094 662 1452 667 1289 1288 1347 1020 1535 1685 1451 996 1578 983 669 563 1361 1624 739 915 1178 881 549 816 799 882 1295 1478 1069 873 647 1073 1462 751 1057 1204 665 1461 590 1066 925 1361 649 745 935 654 608 1648 1663 1133 753 736 967 437 1641 708 976 1128 736 728 1768 799 613 1334 501 851 1832 978 1116 1167 810 804 1291 635 1188 1607 943 1301 1097 1568 544 1130 737 451 445 1528 1675 676 1320 691 728 1238 1752 669 1342 360 638 733 1663 774 614 723 1049 1254 728 757 710 763 1468 861 627 850 1187 1485 1368 1788 841 834 1436 1362 1005 625 603 881 858 824 883 949 1119 1584 496 711 625 736 665 1193 562 792 584 1120 1120 734 596 784 767 1325 932 659 1487 1208 639 945 549 976 674 981 1119 744 678 1324 1067 1351 1334 1071 997 1298 1631 826 687 1444 599 627 450 1067 1455 656 1314 1320 748 1002 702 1001 1446 1300 1235 1114 1715 832 661 849 1651 791 1064 713 940 1029 1645 893 596 1461 978 1747 933 1082 1786 657 1151 1011 444 798 652 1808 977 703 1742 1828 951 1784 912 875 396 637 1395 742 1231 1159 1210 1266 1296 1334 922 805 1066 1784 1226
440 1597 715 506 971 560 561 491 1204 946 792 664 511 1472 1279 972 1170 1351 885 906 1486 1410 960 1412 1448 1053 865 1574 1157 766 1361 1342 1183 568 1068 1089 1165 507 1137 998 1281 485 919 759 787 880 1458 1179 1002 766 862 790 1097 922 1196 963 486 1423 556 699 1122 459 511 946 1445 1608 1071 490 696 653 456 504 570 448 1477 808 773 669 1549 1361 850 812 697 662 1224 1440 988 1047 546 1411 393 1233 1450 1474 1017 1303 1415 1179 1104 1303 1176 946 486 1279 1395 647 659 1243 780 557 539 620 724 1042 1623 1231 879 841 1176 1227 876 1298 941 522 1209 709 895 836 1530 478 580 1077 505 763 1559 1460 864 726 762 695 671 1531 654 790 1275 563 715 1617 544 453 1408 773 1107 1605 1002 1107 1106 572 791 1186 613 971 1332 1211 1026 841 1290 704 895 534 592 638 1397 1588 938 1477 922 841 1009 1575 536 1089 638 360 548 1398 543 541 512 771 1415 451 531 599 975 1417 1077 510 921 909 1540 1367 1523 1116 1105 1577 1142 1275 383 594 631 595 1050 1000 1216 870 1622 733 915 523 510 941 960 839 913 465 1008 957 961 682 520 497 1183 1172 792 1248 1474 478 916 491 856 510 807 1359 941 519 1315 847 1123 1187 921 719 1021 1359 718 648 1489 441 735 553 801 1178 935 1141 1389 889 746 474 1094 1263 1441 1449 864 1594 646 499 1123 1661 745 922 987 662 1131 1367 644 539 1192 1244 1509 1183 1117 1510 517 885 742 713 1075 543 1531 1211 453 1475 1620 821 1573 633 985 648 481 1150 647 1336 968 962 1082 1389 1078 1037 868 1182 1517 1504
380 1490 662 446 874 565 415 442 1214 1117 681 476 462 1286 1225 797 1062 1257 901 723 1431 1230 842 1594 1271 1138 693 1625 1011 727 1192 1399 1315 383 912 915 980 419 948 1050 1222 424 1067 683 624 954 1351 1326 1047 708 955 606 1116 874 1234 795 519 1446 675 531 1120 586 687 864 1305 1424 883 459 789 758 622 424 483 472 1324 993 744 485 1584 1529 997 678 620 726 1098 1265 1128 868 444 1594 525 1049 1357 1357 1205 1394 1334 1203 1285 1311 1334 1033 531 1455 1487 488 760 1101 962 558 613 433 536 928 1515 1147 730 820 1057 1316 800 1430 1001 430 1275 673 1049 654 1440 449 394 990 439 732 1370 1296 912 586 948 645 726 1342 520 941 1449 377 904 1434 479 490 1265 835 1117 1459 853 938 1289 459 980 1356 799 1089 1270 1236 972 736 1277 859 757 706 650 687 1210 1399 969 1379 1058 763 864 1400 431 1159 733 548 360 1433 431 490 402 783 1323 531 690 786 950 1598 1223 466 804 907 1386 1554 1427 1159 1140 1467 989 1304 534 539 530 535 1190 1178 1319 752 1460 769 1064 472 418 1029 820 930 1088 515 819 773 1099 637 494 613 996 1303 738 1331 1489 458 1104 662 668 419 964 1339 907 414 1141 970 1224 1002 734 726 971 1283 536 529 1331 511 682 646 861 1124 1005 1284 1576 821 646 646 1277 1397 1334 1399 748 1406 464 433 1165 1490 588 734 1035 652 1014 1348 757 507 1222 1264 1374 1181 1305 1505 437 938 805 780 1160 454 1475 1190 469 1385 1460 633 1415 660 885 724 458 1023 835 1210 795 841 907 1574 969 1215 753 1071 1425 1574
1412 2545 1146 1482 1946 1588 1382 1465 603 1222 1210 1481 1338 2064 2297 1764 1118 2325 892 1665 2504 2091 1905 1970 2143 2049 1696 2587 1313 1787 2121 492 942 1452 1919 1865 1619 1458 1702 2026 872 1409 1816 1151 1354 887 2409 2025 755 1115 927 1590 2135 1941 562 1393 1512 2457 1578 1377 705 1495 1473 1061 1379 2216 1734 1352 1069 1669 1321 1461 1548 1444 2301 1552 1800 1510 2576 2075 1084 1739 1197 1096 1213 2153 1009 1802 1507 1542 1379 1902 2425 2406 1503 683 1005 593 1766 544 1979 1949 1517 1355 702 1553 1108 2121 1305 1583 1221 1435 1474 1149 2569 2220 1772 1872 2112 688 1873 2179 819 1482 599 1730 1102 1623 2509 1457 1457 2062 1476 1789 2048 1562 893 1650 1510 1158 1708 1965 1592 1123 1956 1447 1458 1881 1314 1466 2273 1804 2146 1504 1879 1905 1383 1338 1455 1258 1461 920 887 2246 930 1172 643 1638 1260 1293 1630 1676 1810 2074 1975 2444 1850 1836 1281 1751 1492 698 1663 1398 1433 360 1362 1537 1405 1010 2391 1321 1269 1364 2007 1511 1945 1501 1869 892 2357 1639 1123 2144 2138 2520 1348 2308 1418 1596 1279 1260 1943 1727 2175 1199 2398 1771 1806 1514 1384 1943 1265 1847 1689 1492 1652 1507 1873 1697 1306 1261 1655 2072 1805 654 2511 1466 1431 1476 1575 1461 1143 2395 1969 1465 2057 1002 781 1645 1532 1067 922 967 1553 1603 2294 1467 1748 1587 957 869 1953 1015 1845 1893 1207 1321 1730 962 2393 2471 1195 1973 1420 1464 2153 2375 1639 1550 2017 1141 2072 661 1131 1546 571 2280 1369 2222 1619 613 1484 873 1015 1744 2069 1513 902 2246 1374 1076 1627 1547 1585 1140 1955 1680 1469 1207 1362 2252 1427 1188 1480 1907 1124 1741 1821 2131 1105 2498
429 1559 594 498 945 621 387 487 1143 1077 629 516 404 1320 1297 847 1013 1328 829 765 1502 1273 911 1594 1316 1187 748 1684 980 796 1243 1329 1255 450 972 965 986 469 969 1106 1160 434 1092 620 604 886 1420 1352 976 641 890 653 1180 944 1162 780 561 1510 706 516 1049 609 693 805 1271 1462 916 416 725 796 592 473 551 496 1383 990 812 536 1646 1543 945 746 556 659 1056 1312 1072 915 510 1562 511 1087 1428 1426 1186 1326 1277 1131 1287 1240 1354 1080 572 1415 1420 556 700 1164 931 614 554 461 559 880 1584 1219 795 887 1126 1248 871 1463 931 489 1205 741 999 699 1511 486 458 1061 491 800 1394 1278 841 654 943 576 778 1360 590 891 1458 445 894 1436 408 520 1327 887 1182 1428 915 991 1257 395 966 1313 795 1028 1208 1299 908 682 1208 879 720 674 698 739 1221 1424 1030 1450 1088 834 831 1392 495 1089 774 543 431 1362 360 551 412 711 1393 492 652 767 1018 1563 1250 520 873 836 1444 1530 1375 1218 1201 1536 962 1366 537 605 468 464 1220 1183 1363 704 1515 826 1088 530 398 1077 784 975 1095 550 846 778 1129 705 430 566 1006 1337 808 1263 1554 497 1082 670 699 471 917 1408 977 472 1190 910 1158 1010 748 655 906 1225 588 600 1388 536 752 684 792 1060 1057 1229 1567 892 589 618 1276 1338 1404 1471 700 1419 475 480 1224 1539 652 751 1092 581 1083 1280 700 565 1151 1328 1337 1248 1292 1435 494 868 736 830 1209 519 1412 1259 449 1331 1439 662 1392 591 956 770 499 982 814 1277 785 796 899 1570 919 1220 823 1140 1371 1628
365 1419 785 415 794 436 544 431 1326 1123 811 560 562 1323 1121 811 1192 1176 1008 760 1328 1248 779 1518 1284 1010 703 1494 1134 610 1190 1494 1362 488 892 924 1068 442 1015 919 1351 489 960 811 746 1037 1280 1217 1145 833 1027 649 988 764 1336 909 428 1319 573 654 1235 512 628 994 1428 1452 932 545 859 641 637 439 395 461 1298 930 624 547 1455 1433 1031 633 747 809 1226 1273 1169 889 409 1577 540 1081 1276 1294 1166 1470 1464 1310 1210 1424 1232 905 437 1453 1563 494 825 1062 952 428 684 546 628 1058 1445 1059 702 698 996 1393 704 1312 1091 422 1364 553 1077 692 1357 440 493 903 422 612 1425 1408 1007 551 891 767 597 1408 482 971 1361 488 857 1521 591 447 1227 705 991 1579 824 937 1274 585 937 1363 747 1147 1399 1107 1099 867 1397 764 885 715 526 558 1286 1453 839 1301 945 667 989 1499 419 1246 614 541 490 1537 551 360 499 889 1241 584 712 764 831 1585 1114 396 740 1021 1361 1521 1558 1028 1010 1398 1109 1175 517 419 658 653 1078 1098 1193 882 1446 638 959 382 519 902 946 804 1007 442 881 867 987 519 593 661 1079 1186 628 1412 1363 433 1072 600 732 440 989 1222 792 439 1147 1023 1294 1087 820 833 1098 1413 581 471 1311 462 570 536 949 1252 875 1322 1516 720 776 655 1207 1443 1263 1294 879 1478 580 434 1035 1491 576 815 904 762 951 1469 814 378 1327 1136 1499 1058 1255 1623 417 1031 891 652 1032 398 1603 1072 524 1516 1573 703 1529 757 807 600 430 1152 812 1154 904 971 1011 1505 1099 1137 687 1003 1555 1443
377 1526 645 446 907 568 415 434 1189 1075 681 516 427 1326 1252 839 1064 1291 874 764 1458 1272 878 1563 1313 1135 736 1631 1026 747 1234 1368 1274 425 953 957 1013 417 985 1054 1212 388 1047 672 643 919 1387 1307 1016 693 917 648 1127 897 1205 818 509 1458 658 552 1097 563 657 858 1318 1465 923 419 750 746 581 421 503 448 1365 960 762 527 1593 1504 955 716 608 689 1106 1307 1086 910 462 1553 486 1090 1390 1395 1167 1357 1330 1176 1254 1287 1312 1028 520 1413 1451 527 721 1141 921 561 573 468 572 931 1551 1179 770 837 1094 1279 828 1415 967 438 1241 691 1007 695 1474 434 436 1021 438 750 1408 1318 880 623 914 627 725 1379 554 899 1421 419 868 1465 452 471 1305 834 1131 1474 893 980 1248 448 943 1314 765 1049 1261 1246 960 735 1257 836 768 665 646 686 1244 1438 977 1414 1041 791 878 1427 447 1124 723 512 402 1405 412 499 360 755 1356 489 649 748 969 1557 1204 467 839 883 1427 1515 1427 1165 1148 1503 1006 1314 501 555 521 513 1173 1148 1312 755 1502 773 1044 478 380 1025 832 924 1059 499 858 804 1082 656 460 571 1030 1289 761 1296 1503 445 1065 632 707 419 922 1359 928 421 1183 929 1186 1035 769 698 958 1278 578 561 1372 489 704 634 826 1113 1004 1243 1541 848 642 605 1245 1356 1370 1426 751 1441 493 427 1172 1532 628 769 1039 625 1051 1330 716 513 1194 1276 1385 1197 1269 1484 442 905 769 777 1157 469 1465 1210 427 1383 1481 671 1435 627 918 718 446 1031 796 1249 820 846 933 1541 971 1186 788 1107 1424 1575
764 1903 517 834 1296 945 732 818 797 959 632 838 688 1542 1647 1147 865 1678 478 1052 1853 1531 1258 1647 1580 1460 1065 1985 947 1140 1531 981 997 801 1292 1259 1127 809 1166 1410 892 760 1285 551 759 576 1766 1532 628 514 613 960 1504 1292 811 874 871 1832 965 750 711 871 884 634 1186 1693 1160 703 540 1062 717 812 898 800 1694 1081 1153 866 1960 1664 776 1092 567 495 949 1583 853 1200 857 1450 745 1338 1777 1767 1175 1000 1045 781 1366 896 1510 1354 878 1272 1093 904 562 1492 899 940 593 789 844 772 1928 1570 1132 1227 1469 924 1223 1668 596 832 863 1083 834 999 1861 810 807 1412 827 1142 1574 1273 505 1002 1031 521 1080 1515 941 754 1558 797 971 1520 664 825 1651 1184 1511 1351 1245 1294 1167 688 1011 1158 921 769 943 1620 647 630 878 1077 738 731 999 1045 1360 1604 1347 1798 1302 1185 827 1434 842 753 1049 771 783 1010 711 889 755 360 1743 684 697 837 1361 1439 1436 853 1222 497 1753 1466 1168 1527 1515 1879 956 1685 787 948 636 610 1419 1286 1614 674 1810 1140 1278 866 734 1349 784 1247 1217 852 1077 952 1335 1049 657 646 1158 1548 1156 933 1881 820 1071 877 965 812 788 1751 1321 815 1471 691 854 1155 956 416 639 986 912 952 1693 828 1099 964 488 789 1346 997 1576 1243 602 728 1342 1076 1749 1821 666 1553 779 815 1534 1811 993 969 1398 490 1428 956 589 899 799 1652 1230 1583 1299 1100 835 535 473 1124 1482 864 1134 1602 729 1115 1410 932 1360 498 1306 1059 823 889 863 1616 901 733 997 1605 789 1314 1173 1486 1158 1913
1240 563 1605 1291 808 1217 1371 1309 2162 1956 1561 1270 1423 1227 598 1044 1852 425 1859 1134 602 1078 846 2057 1057 1216 1074 1244 1694 1016 937 2362 2235 1303 888 996 1404 1310 1277 1075 2093 1359 1458 1606 1425 1914 462 1591 2009 1640 1908 1174 942 868 2194 1474 1288 1012 1312 1380 2062 1344 1431 1744 1933 1235 1168 1413 1739 1270 1511 1308 1221 1342 806 1636 1015 1241 1135 1860 1900 1011 1555 1685 1831 1024 2039 1050 1258 2334 1420 1110 394 524 1900 2351 2150 2158 1802 2254 1659 1205 1289 2255 2444 1199 1706 725 1772 1218 1563 1315 1286 1734 590 545 984 966 653 2273 898 1565 1963 1286 2238 1069 1939 1151 478 1320 1296 697 1296 1023 1395 1797 1875 1100 1624 1593 1178 1459 1163 1838 1858 1307 1622 1688 1442 1326 704 1150 909 2028 897 949 2059 1414 1696 2185 1528 2027 2131 965 1876 1610 2205 1414 1558 1579 1223 1187 1457 1407 1021 428 1402 934 1605 1765 1274 2121 1254 1415 1323 2391 1393 1241 1356 1743 360 1465 1584 1590 861 2353 1527 1277 881 1859 833 2234 2198 1042 1009 555 1650 994 1391 1183 1471 1492 1479 1698 1354 1599 945 1118 1466 1262 1376 1211 1589 1216 1622 1309 1220 1352 1431 1093 1456 1542 1381 1489 985 2291 985 1314 1835 1410 1218 1306 1850 759 871 1300 975 1902 2175 1398 1302 1687 1879 2115 1201 1155 848 1334 1040 1278 1823 2011 1146 2188 2129 887 1553 1525 1821 2315 452 615 1600 1547 1331 1308 1036 1078 1112 1282 1064 1613 686 2266 1695 1238 2180 947 2015 847 1940 2432 1286 1901 1765 1181 1221 1255 2330 761 1401 2173 1943 1235 1919 1623 797 1219 1311 1771 1629 586 1443 1654 1475 2080 1777 1733 930 625 2203 1313
465 1641 625 533 1017 626 517 516 1120 947 710 642 448 1450 1344 969 1083 1400 800 892 1551 1400 996 1474 1441 1144 865 1662 1080 829 1363 1271 1148 555 1081 1087 1116 518 1101 1086 1190 473 1005 670 724 813 1502 1264 926 676 803 777 1180 985 1118 899 550 1507 647 644 1035 548 593 857 1365 1591 1047 437 634 743 461 519 604 485 1493 871 840 656 1636 1437 826 838 610 586 1140 1436 958 1039 569 1430 421 1216 1500 1513 1056 1246 1324 1098 1169 1219 1257 1037 556 1285 1339 654 601 1266 799 622 460 589 691 956 1667 1284 897 912 1213 1168 929 1386 869 541 1141 772 877 824 1582 504 566 1128 529 829 1526 1389 787 746 822 605 756 1492 675 769 1346 549 769 1562 472 506 1431 860 1188 1526 1020 1110 1125 510 839 1186 678 927 1241 1295 935 756 1202 790 818 542 675 720 1352 1556 1022 1525 1011 892 932 1513 555 1022 728 451 531 1321 492 584 489 684 1465 360 521 638 1046 1432 1162 548 957 821 1556 1398 1433 1202 1191 1619 1067 1360 463 644 554 511 1137 1070 1307 787 1632 816 1000 562 475 1032 883 930 985 530 978 908 1048 741 441 442 1137 1261 851 1187 1557 511 951 576 829 522 793 1434 1009 529 1313 804 1070 1140 880 630 930 1268 708 676 1501 506 793 641 727 1087 1024 1114 1440 945 662 487 1156 1230 1485 1516 781 1550 607 518 1210 1661 755 883 1074 571 1168 1279 592 589 1112 1327 1426 1262 1164 1424 540 810 668 800 1165 571 1440 1285 426 1385 1547 793 1500 546 1029 736 514 1067 684 1369 908 879 1022 1447 991 1105 904 1223 1427 1594
605 1768 713 672 1142 727 679 656 1097 786 826 803 608 1612 1441 1128 1171 1521 791 1053 1647 1561 1132 1346 1602 1144 1022 1680 1200 931 1521 1200 1012 714 1234 1245 1269 666 1260 1118 1229 628 948 766 871 741 1629 1195 878 757 711 937 1233 1086 1068 1042 656 1549 673 799 1027 605 565 935 1473 1753 1209 599 561 761 435 665 740 615 1644 755 936 816 1667 1336 679 981 719 563 1241 1595 817 1199 712 1269 535 1378 1619 1645 906 1144 1380 1063 1050 1196 1175 1042 655 1124 1235 807 521 1412 640 725 499 751 852 1055 1794 1400 1046 1000 1348 1069 1046 1331 809 686 1063 876 725 984 1699 643 725 1247 670 927 1686 1519 747 893 703 695 810 1649 820 619 1236 708 645 1711 625 624 1577 898 1246 1637 1170 1267 964 667 701 1025 584 805 1281 1341 981 862 1198 744 944 394 739 783 1507 1716 1072 1647 968 1011 1056 1653 700 944 757 531 690 1269 652 712 649 697 1584 521 360 506 1132 1270 1099 680 1092 828 1707 1242 1499 1236 1231 1748 1193 1401 555 766 692 642 1082 960 1286 901 1786 876 941 693 636 1036 1007 938 885 636 1139 1063 1000 851 592 453 1292 1211 959 1092 1605 645 799 568 991 670 638 1509 1101 678 1472 680 961 1294 1038 659 974 1321 867 817 1654 612 904 689 679 1127 1044 970 1299 1057 778 419 1031 1092 1612 1609 894 1705 768 661 1244 1820 908 1042 1109 636 1303 1278 497 710 1070 1375 1528 1327 1020 1407 682 760 627 840 1165 711 1470 1362 581 1448 1672 955 1623 583 1156 778 648 1171 543 1507 1054 988 1168 1313 1084 991 1039 1354 1491 1597
677 1783 859 741 1165 750 790 729 1213 728 970 903 725 1711 1424 1210 1318 1530 922 1146 1625 1647 1169 1202 1685 1048 1102 1587 1343 936 1594 1281 1021 807 1296 1325 1393 746 1373 1047 1369 722 820 912 1001 841 1646 1057 986 904 797 1029 1177 1082 1169 1175 697 1478 639 922 1153 620 519 1082 1619 1847 1310 711 680 703 536 743 797 686 1700 608 935 909 1586 1190 690 1035 863 702 1387 1676 827 1285 781 1173 622 1472 1625 1668 779 1198 1523 1173 904 1310 1032 952 691 1050 1284 884 645 1460 548 752 644 856 960 1201 1810 1404 1106 987 1379 1128 1062 1199 913 759 1144 886 716 1076 1701 715 819 1259 742 928 1796 1660 865 955 557 841 779 1766 885 630 1090 802 498 1841 750 683 1624 844 1195 1783 1228 1340 870 789 561 964 457 848 1421 1275 1124 1007 1322 634 1085 472 727 763 1628 1826 1019 1656 847 1031 1198 1790 773 1029 710 599 786 1364 767 764 748 837 1590 638 506 360 1111 1181 964 740 1130 963 1763 1127 1643 1163 1164 1765 1335 1331 617 806 827 779 952 813 1172 1045 1850 844 811 752 742 946 1149 857 739 681 1246 1185 875 870 718 592 1414 1082 969 1156 1538 714 677 541 1095 749 631 1467 1087 758 1550 733 1014 1417 1154 804 1117 1464 957 875 1714 664 920 671 799 1267 966 964 1162 1067 921 511 886 1096 1628 1585 1038 1826 879 737 1172 1895 978 1156 1042 783 1333 1403 616 756 1176 1312 1675 1280 886 1523 754 873 754 793 1068 776 1606 1326 682 1592 1815 1059 1767 730 1181 740 716 1317 408 1539 1186 1133 1300 1172 1230 845 1078 1379 1635 1494
837 1063 1252 887 596 779 1005 903 1798 1469 1255 953 1033 1370 673 928 1614 809 1480 965 875 1242 671 1580 1253 778 874 1090 1509 582 1124 1957 1770 937 862 973 1321 913 1216 625 1806 961 968 1271 1150 1496 937 1138 1612 1297 1477 927 573 455 1804 1269 855 879 832 1073 1707 887 953 1445 1793 1450 1098 1017 1312 776 1064 910 827 923 1124 1135 567 923 1025 1405 1434 740 1210 1272 1627 1228 1573 988 868 1833 990 1155 894 976 1399 1916 1903 1781 1309 1896 1195 732 851 1757 2007 858 1275 893 1285 784 1147 976 1000 1482 1090 682 778 494 755 1841 555 1152 1555 891 1824 638 1466 935 963 910 936 591 894 579 1520 1717 1474 785 1125 1235 691 1545 811 1372 1385 940 1126 1727 1062 900 1018 649 558 1924 805 949 1560 1049 1198 1692 1038 1576 1852 685 1560 1310 1867 914 1298 1120 753 711 1474 1543 539 929 915 581 1382 1754 883 1705 763 975 950 2007 1018 831 969 1361 861 1046 1132 1111 360 1853 1058 867 666 1492 1180 1733 1982 665 632 1051 1474 753 953 774 1120 1122 1010 1202 960 1315 1291 627 974 854 989 736 1349 720 1123 876 1101 1176 949 673 1064 1112 1314 1051 575 1862 910 901 1336 937 1010 910 1379 750 406 908 1117 1452 1734 1328 1118 1305 1560 1857 909 792 1155 901 627 806 1413 1710 669 1715 1639 527 1229 1073 1326 1846 919 837 1314 1630 1004 906 666 1388 820 1102 608 1234 722 1938 1258 821 1797 703 1871 598 1440 2094 887 1496 1354 685 792 860 2057 600 993 1946 1882 1005 1845 1227 609 731 898 1556 1145 891 1249 1394 1328 1595 1526 1239 667 731 1982 1081
1497 2554 1554 1561 1963 1564 1590 1548 1537 852 1684 1713 1518 2523 2152 2029 1924 2299 1435 1961 2332 2466 1978 979 2505 1598 1922 2054 2027 1726 2415 1378 933 1620 2116 2146 2167 1564 2169 1685 1835 1533 1297 1606 1766 1263 2423 1326 1356 1579 1204 1844 1835 1853 1420 1924 1517 2048 1427 1705 1550 1437 1325 1709 2251 2662 2119 1509 1274 1448 1336 1561 1618 1505 2516 1077 1718 1723 2103 1195 1024 1854 1584 1349 2017 2496 964 2104 1602 402 1434 2287 2387 2455 814 1191 2007 1475 994 1592 1244 1553 1510 530 1205 1704 1274 2273 996 1567 1387 1661 1763 1849 2581 2171 1926 1753 2179 1185 1856 1470 1304 1579 1297 1685 965 1891 2455 1535 1632 2042 1562 1714 2595 2353 1345 1776 1092 1543 1545 2553 1706 1057 1090 1614 1104 2590 1533 1504 2434 1563 1864 2412 2047 2161 670 1575 1025 646 1209 1070 1878 1893 1673 1700 1666 1299 1802 1251 1520 1545 2405 2624 1708 2421 1356 1830 1902 2512 1593 1265 1468 1417 1598 1511 1563 1585 1557 1439 2353 1432 1270 1181 1853 360 1313 1561 1940 1486 2578 560 2142 1774 1792 2541 2035 1925 1437 1624 1588 1537 1346 1060 1597 1744 2668 1599 1286 1573 1546 1546 1857 1508 1112 1502 2049 1966 1344 1676 1500 1359 2192 1429 1763 1218 2118 1534 883 1351 1902 1567 1024 2134 1843 1576 2371 1110 1120 2193 1945 1447 1662 1950 1773 1696 2532 1485 1721 1467 1319 1758 1601 873 816 1856 1640 1311 958 909 2406 2288 1736 2604 1679 1556 1784 2716 1799 1951 1690 1478 2134 1735 1258 1576 1451 1930 2283 1950 802 1759 1574 1325 1327 1534 1607 1597 1994 2019 1489 2087 2485 1865 2435 1421 1979 1504 1536 1963 1133 2338 1943 1812 2052 905 1860 1037 1890 2173 2128 1921
1083 1728 1425 1139 1260 1043 1260 1140 1814 1133 1510 1314 1226 2006 1295 1500 1886 1486 1526 1484 1441 1897 1314 890 1918 677 1404 1105 1870 1061 1796 1848 1490 1232 1503 1588 1819 1164 1753 811 1968 1177 517 1473 1487 1438 1616 463 1584 1475 1386 1388 948 1108 1760 1659 1064 1100 908 1394 1757 1001 929 1657 2161 2110 1654 1204 1284 833 1089 1159 1143 1116 1821 754 1041 1301 1149 709 1225 1276 1413 1302 1941 1897 1329 1576 1161 1281 1111 1769 1555 1663 908 1728 2116 1771 681 1909 496 687 1052 1283 1801 1240 1249 1583 1004 1051 1218 1293 1382 1759 1754 1368 1348 1025 1451 1670 1167 595 1510 1159 1713 1058 1218 1423 1606 1134 1240 1289 1145 1045 2134 2159 1469 1247 795 1405 905 2135 1209 1182 690 1229 849 2269 1261 1094 1717 833 982 2318 1433 1579 1098 1283 853 1271 874 1394 2020 971 1718 1558 1926 732 1610 1065 953 936 2027 2161 880 1593 531 1161 1721 2253 1165 1607 861 1077 1223 1945 1250 1114 1204 1436 1527 1162 1099 964 1058 1313 360 1122 1289 1566 1878 1144 2231 861 889 1723 1851 988 1075 1105 1347 1313 408 624 644 1587 1987 911 522 1122 1212 682 1674 722 622 1068 1619 1621 488 1078 1237 1161 1827 491 1096 1702 1170 1125 919 946 1478 1164 1164 1224 1074 1170 1777 1302 1554 1836 1573 1396 1712 2058 1328 1187 1850 1075 1090 939 1403 1865 749 1412 979 1150 1464 1072 715 1541 1600 1396 1582 2211 1326 1150 870 2077 1287 1566 824 1360 1414 2007 1221 1096 1770 1005 2226 1057 873 2122 1151 1475 1358 855 678 1150 2209 1139 1165 2181 2324 1452 2278 1314 1277 884 1124 1867 952 1590 1656 1680 1765 919 1794 639 1257 1430 2224 979
330 1454 752 381 829 461 516 395 1290 1095 785 555 527 1338 1158 830 1168 1212 972 773 1365 1268 813 1512 1304 1032 721 1523 1117 646 1214 1457 1328 470 918 944 1067 411 1021 946 1320 454 967 780 729 1000 1315 1225 1108 801 991 658 1020 800 1299 897 418 1351 575 636 1200 499 613 965 1411 1469 943 510 822 652 605 406 420 425 1327 919 659 548 1486 1435 999 662 716 772 1205 1295 1135 906 403 1554 506 1096 1312 1328 1149 1434 1436 1274 1203 1389 1236 926 430 1427 1527 506 788 1093 926 453 648 531 622 1034 1480 1096 729 734 1029 1357 740 1325 1055 397 1327 589 1045 703 1393 404 478 939 389 648 1435 1397 970 576 878 734 620 1415 504 939 1360 468 840 1521 558 417 1257 729 1024 1564 852 960 1251 555 920 1335 731 1112 1369 1139 1068 840 1362 764 864 685 543 580 1289 1464 869 1337 954 704 971 1494 403 1209 627 510 466 1501 520 396 467 853 1277 548 680 740 867 1561 1122 360 773 985 1390 1502 1533 1057 1041 1433 1094 1206 487 456 629 620 1088 1093 1212 858 1473 666 964 374 486 923 927 823 1002 424 888 863 996 555 557 626 1079 1199 664 1375 1396 396 1052 585 736 409 957 1257 828 412 1169 988 1258 1087 819 797 1066 1385 588 498 1338 436 607 542 912 1221 899 1289 1505 757 748 624 1198 1409 1298 1331 854 1483 565 400 1064 1515 597 815 932 727 984 1435 778 406 1291 1169 1480 1092 1241 1588 389 994 854 673 1054 396 1573 1108 487 1489 1562 705 1517 720 842 617 393 1130 788 1188 894 948 1003 1497 1074 1132 720 1037 1529 1469
732 1046 1083 784 452 739 851 801 1641 1497 1047 750 906 1083 826 622 1369 816 1338 671 1020 968 399 1777 989 1056 586 1390 1238 594 870 1842 1742 783 573 672 1019 798 911 910 1591 846 1165 1086 918 1398 907 1382 1489 1120 1397 668 880 574 1672 1001 799 1168 874 863 1542 870 977 1234 1511 1180 792 898 1228 876 1017 797 714 839 936 1244 611 719 1316 1637 1411 490 1034 1169 1366 969 1549 681 747 1928 919 856 915 916 1502 1837 1665 1636 1482 1734 1424 983 803 1819 1931 678 1197 692 1319 738 1051 793 771 1242 1071 715 484 628 616 1759 485 1425 1445 775 1719 620 1457 659 999 814 776 563 787 609 1224 1420 1355 579 1217 1071 777 1242 645 1351 1595 788 1197 1420 922 828 853 818 862 1634 506 654 1632 893 1277 1735 1091 1524 1632 988 1362 1098 1688 1034 1060 1094 782 765 1168 1248 811 936 1124 488 1126 1448 762 1603 850 921 804 1869 873 740 839 1222 881 957 1092 1130 666 1940 1289 773 360 1337 998 1855 1730 970 937 1023 1199 1054 897 688 949 971 1243 1368 1247 1092 1094 746 1169 759 859 984 1100 927 1279 818 801 894 1165 624 938 1037 1010 1312 556 1775 1188 809 1418 952 734 794 1368 986 624 787 847 1401 1665 1025 837 1166 1364 1624 682 640 955 840 583 833 1305 1503 925 1703 1808 509 1035 1035 1489 1823 890 996 1092 1326 810 798 971 1163 591 819 891 1091 571 1752 1189 742 1658 1002 1591 885 1572 1916 776 1382 1249 811 1073 745 1835 853 891 1699 1583 740 1548 1104 453 814 806 1298 1175 774 976 1157 1041 1780 1286 1408 412 627 1732 1387
895 2012 613 965 1416 1079 854 949 666 1028 689 948 819 1590 1773 1237 797 1793 412 1139 1979 1595 1373 1748 1645 1597 1165 2123 923 1270 1609 881 991 924 1389 1343 1157 939 1215 1547 768 891 1417 622 832 583 1876 1660 549 584 642 1059 1640 1421 701 908 1006 1968 1103 846 575 1008 1020 600 1124 1743 1227 835 648 1199 854 942 1026 935 1781 1201 1285 978 2097 1780 840 1207 664 625 892 1651 884 1282 986 1502 882 1402 1892 1874 1269 936 930 659 1478 764 1635 1492 1013 1316 1025 1023 679 1591 1000 1074 731 904 942 737 2036 1690 1240 1360 1579 864 1347 1799 558 961 780 1214 894 1094 1977 943 929 1532 958 1273 1604 1239 501 1119 1151 626 1217 1536 1063 834 1672 920 1092 1513 791 960 1746 1321 1646 1286 1348 1381 1236 810 1124 1200 1051 783 820 1756 548 663 741 1211 767 861 1136 1181 1378 1633 1483 1912 1436 1310 829 1412 970 689 1187 909 907 892 836 1021 883 497 1859 821 828 963 1492 1486 1566 985 1337 360 1838 1535 1059 1664 1652 1987 941 1821 924 1078 748 732 1550 1404 1750 700 1888 1276 1409 998 863 1486 796 1385 1339 988 1144 1006 1468 1179 788 783 1191 1680 1284 865 2017 953 1168 1014 1050 942 868 1883 1452 944 1546 743 820 1184 1021 551 538 870 1020 1076 1777 964 1228 1101 544 669 1483 1008 1666 1369 678 863 1451 1065 1860 1947 694 1564 888 946 1671 1878 1106 1037 1536 618 1539 818 707 1032 682 1788 1158 1717 1394 963 965 521 572 1261 1619 993 1003 1733 863 1004 1361 1020 1312 635 1424 1197 956 843 983 1721 939 728 1019 1702 739 1430 1290 1599 1048 2050
1342 765 1597 1395 991 1374 1417 1411 2115 2125 1510 1290 1486 830 1039 965 1693 826 1855 1061 1071 700 962 2391 657 1593 1056 1714 1503 1224 605 2360 2340 1362 834 855 1169 1401 1051 1440 1964 1443 1775 1577 1366 1958 739 1958 2016 1616 1970 1158 1339 1133 2178 1336 1426 1478 1513 1363 2013 1503 1613 1660 1677 788 988 1485 1810 1510 1633 1402 1330 1453 422 1882 1236 1268 1606 2226 2022 1088 1546 1740 1643 627 2154 916 1355 2567 1531 840 832 676 2141 2394 1975 2127 2106 2195 2014 1552 1432 2453 2487 1261 1785 667 1952 1372 1638 1345 1271 1603 767 902 1021 1225 786 2316 1096 1964 1989 1381 2253 1258 2072 1115 866 1424 1352 949 1396 1238 988 1501 1897 1174 1856 1592 1410 1072 1246 1964 2200 1368 1836 1312 1490 1447 521 1430 1307 1734 897 819 2269 1451 1916 2365 1729 2113 1991 1395 1796 1545 2125 1668 1460 1715 1421 1402 1123 991 1359 805 1726 1116 1464 1420 1367 2147 1485 1540 1386 2357 1444 1361 1427 1753 833 1556 1707 1763 1180 2578 1878 1390 998 1838 360 2493 1990 1444 1409 738 1457 1437 1517 1316 1482 1521 1829 1994 1760 1518 475 1369 1780 1377 1444 1555 1466 1526 1908 1443 1068 1215 1763 1263 1515 1638 1136 1869 1186 2326 1456 1422 2057 1587 1149 1397 1985 1224 1164 1389 671 1995 2236 1151 1185 1705 1802 1954 1216 1251 424 1463 1221 1472 1861 1902 1489 2310 2436 1104 1521 1654 2117 2423 743 1089 1522 1152 1345 1405 1441 605 1160 1167 1424 1634 825 2170 1783 1368 2156 1386 1755 1269 2208 2340 1384 1927 1811 1436 1604 1357 2171 1190 1490 1979 1622 1181 1609 1665 974 1449 1420 1601 1809 658 1302 1542 1284 2401 1640 2033 1048 808 2000 1772
1443 2437 1560 1505 1866 1488 1555 1494 1632 867 1688 1671 1487 2478 2022 1972 1966 2182 1483 1913 2194 2410 1890 779 2445 1443 1864 1874 2047 1630 2346 1509 1057 1575 2043 2085 2151 1513 2139 1544 1910 1490 1149 1615 1752 1317 2310 1145 1431 1592 1255 1796 1693 1744 1524 1919 1452 1884 1341 1681 1631 1369 1253 1740 2291 2612 2078 1474 1289 1345 1298 1510 1556 1452 2431 971 1620 1676 1930 997 1055 1781 1583 1358 2055 2433 1034 2049 1545 518 1389 2238 2266 2345 714 1328 2083 1572 823 1698 1062 1410 1444 651 1357 1648 1281 2186 961 1492 1371 1623 1727 1878 2464 2056 1855 1645 2081 1310 1760 1283 1369 1525 1412 1595 1001 1842 2330 1481 1587 1937 1507 1617 2564 2374 1394 1710 997 1547 1445 2531 1643 1072 896 1570 1024 2589 1507 1447 2343 1446 1724 2455 1972 2096 659 1548 943 740 1134 1143 1957 1741 1724 1711 1762 1189 1808 1217 1432 1451 2389 2593 1577 2302 1209 1737 1914 2523 1538 1361 1368 1367 1554 1639 1530 1521 1515 1466 2234 1398 1242 1127 1733 560 1144 1502 1855 1535 2493 360 2217 1624 1645 2425 2050 1767 1384 1552 1572 1521 1181 907 1423 1754 2589 1493 1140 1512 1508 1403 1866 1379 973 1440 2013 1945 1191 1592 1474 1334 2174 1252 1668 1345 1955 1479 810 1281 1862 1516 1037 1988 1729 1524 2307 1152 1227 2176 1918 1463 1713 2024 1724 1630 2450 1427 1632 1383 1356 1825 1462 984 617 1756 1641 1272 792 1053 2292 2149 1747 2587 1644 1503 1633 2647 1738 1921 1551 1481 2038 1836 1260 1509 1552 1777 2331 1808 653 1880 1519 1379 1352 1425 1450 1539 2090 1881 1449 2161 2515 1827 2466 1423 1884 1405 1481 1995 1079 2238 1934 1830 2046 705 1894 877 1807 2072 2203 1739
1443 2294 1167 1511 1822 1633 1376 1502 980 1718 1107 1392 1385 1578 2196 1514 728 2138 1108 1431 2382 1663 1753 2447 1714 2203 1505 2689 864 1773 1747 1230 1587 1431 1670 1568 1183 1482 1307 2117 667 1449 2076 1124 1192 1262 2177 2330 1147 1117 1325 1425 2172 1892 1106 1090 1577 2498 1714 1275 951 1613 1663 936 705 1712 1398 1407 1342 1808 1502 1486 1546 1509 1949 1889 1794 1420 2641 2472 1531 1616 1187 1302 727 1736 1545 1510 1510 2164 1490 1512 2226 2151 1967 1400 495 1040 2173 960 2314 2096 1587 1972 1449 1488 1369 1851 1699 1625 1373 1379 1342 862 2312 2070 1607 1867 1906 1364 1797 2458 1207 1497 1242 1727 1580 1431 2306 1502 1428 1930 1504 1782 1498 915 1191 1557 1838 1188 1793 1400 1535 1531 2366 1431 1779 1237 1349 1535 1965 1902 2169 770 1665 1615 1922 1339 1819 1859 1722 1436 624 2293 880 1052 864 1861 1044 1534 1714 1753 1272 1518 2034 2232 2084 1765 964 1091 1499 1241 1788 1523 1427 1123 1375 1558 1427 1168 2198 1433 1499 1643 1982 2142 2231 1533 1730 1059 1990 2217 360 2224 2204 2264 908 2361 1530 1601 1267 1290 2209 2094 2376 1036 1990 1837 2069 1540 1413 2092 993 1990 2023 1565 1338 1207 2121 1690 1366 1430 1215 2334 1770 1341 2533 1513 1867 1649 1356 1483 1565 2352 1936 1481 1682 1431 1394 1199 1260 1199 888 553 1433 1557 1927 1548 1724 1698 1243 753 2072 1633 2363 1824 1146 1519 2148 1640 2165 2362 1039 1373 1348 1494 2230 1920 1524 1279 2102 1231 1879 822 1397 1575 1070 2318 654 2221 2092 922 1504 1202 1267 1845 2225 1521 614 2210 1445 415 913 1350 882 1277 1823 1786 1514 791 1671 2001 1118 950 1085 2400 819 2123 1701 1938 378 2642
1028 1238 1448 1079 902 957 1213 1091 1959 1475 1479 1196 1219 1674 804 1229 1856 1011 1641 1256 939 1543 977 1389 1550 544 1165 825 1774 821 1419 2075 1813 1154 1167 1279 1615 1109 1516 478 2018 1148 837 1478 1397 1618 1138 913 1751 1497 1585 1201 465 755 1943 1536 1023 674 926 1310 1878 1016 1032 1663 2064 1748 1399 1199 1435 835 1184 1104 1038 1095 1394 1089 798 1170 793 1181 1491 1026 1414 1415 1881 1523 1624 1292 1075 1747 1141 1461 1067 1191 1330 2002 2133 1932 1166 2059 986 586 1014 1711 2087 1100 1395 1179 1300 964 1295 1204 1253 1722 1264 906 1075 733 1036 1931 851 884 1685 1090 1938 860 1510 1217 1111 1094 1156 876 1087 809 1825 2005 1615 1050 1099 1429 806 1850 1054 1433 1189 1154 1124 2030 1253 1069 1284 702 497 2204 1110 1254 1513 1253 1176 1669 1071 1652 2066 479 1764 1535 2045 901 1543 1213 888 844 1778 1848 550 1106 778 869 1638 2052 1087 1820 841 1116 1159 2144 1218 1028 1165 1527 1042 1202 1236 1163 665 1774 861 1057 970 1664 1444 1624 2224 360 395 1236 1743 527 1099 983 1326 1315 816 1078 676 1548 1559 752 847 1048 1183 593 1600 667 1023 1039 1395 1455 793 896 1246 1248 1610 808 835 1958 735 1083 1297 1028 1290 1107 1430 725 705 1107 1418 1535 1818 1624 1398 1473 1762 2082 1169 1032 1429 1061 869 923 1549 1918 557 1747 1480 824 1445 1183 1194 1881 1123 894 1545 1936 1236 1098 369 1668 1090 1384 488 1411 1010 2122 1373 1013 1942 517 2140 558 1336 2266 1084 1632 1492 763 544 1065 2270 643 1166 2183 2171 1279 2132 1389 914 827 1081 1808 1182 1146 1521 1634 1609 1420 1764 1107 964 1005 2222 787
1011 1206 1432 1062 868 940 1195 1075 1949 1482 1460 1173 1204 1639 772 1197 1835 977 1630 1227 913 1507 943 1418 1514 571 1136 845 1750 796 1383 2070 1817 1134 1133 1246 1585 1092 1485 477 2001 1132 856 1461 1374 1612 1104 944 1743 1481 1581 1174 429 723 1936 1511 1008 678 919 1289 1866 1006 1028 1645 2039 1712 1367 1184 1428 829 1177 1087 1019 1080 1358 1100 774 1147 805 1212 1493 997 1397 1406 1859 1488 1626 1259 1056 1766 1129 1427 1035 1157 1345 2001 2114 1923 1189 2049 1015 599 1000 1725 2088 1077 1389 1144 1306 947 1285 1184 1230 1701 1232 871 1044 706 1000 1930 820 919 1678 1073 1934 838 1513 1189 1080 1078 1136 841 1070 785 1791 1977 1607 1024 1108 1413 794 1817 1031 1434 1217 1135 1131 1998 1237 1055 1248 693 462 2177 1077 1220 1527 1235 1185 1681 1073 1652 2050 471 1748 1516 2033 906 1521 1209 875 830 1745 1813 531 1073 796 839 1615 2021 1069 1815 834 1105 1140 2138 1201 1010 1148 1515 1009 1191 1231 1164 632 1792 889 1041 937 1652 1409 1645 2204 395 360 1204 1718 530 1088 963 1309 1300 842 1098 711 1528 1523 737 866 1031 1166 606 1577 670 1040 1025 1365 1428 814 874 1231 1239 1580 840 808 1956 735 1068 1309 1022 1263 1090 1432 703 673 1090 1382 1533 1817 1594 1371 1461 1746 2064 1144 1009 1393 1048 845 913 1541 1902 562 1752 1506 793 1427 1177 1216 1886 1089 868 1525 1902 1215 1081 394 1632 1063 1356 482 1398 974 2109 1367 995 1934 508 2115 528 1355 2255 1067 1625 1484 753 573 1046 2254 612 1152 2163 2142 1253 2104 1377 880 818 1065 1785 1185 1110 1495 1613 1581 1448 1744 1128 933 969 2202 815
1394 390 1734 1446 965 1383 1512 1463 2285 2133 1676 1401 1569 1191 791 1132 1934 602 1993 1229 733 1047 984 2253 1014 1411 1185 1402 1761 1189 917 2500 2400 1445 971 1058 1449 1461 1321 1271 2188 1510 1653 1728 1535 2061 479 1786 2147 1765 2060 1290 1138 1049 2327 1557 1451 1179 1489 1502 2184 1513 1606 1851 1977 1165 1226 1562 1892 1454 1673 1460 1375 1499 736 1824 1191 1372 1289 2056 2066 1149 1683 1833 1901 981 2205 1119 1410 2522 1579 1130 528 475 2088 2501 2229 2286 1996 2374 1855 1401 1453 2438 2594 1339 1860 775 1950 1383 1715 1450 1406 1824 409 729 1107 1149 770 2423 1064 1757 2106 1438 2380 1239 2108 1260 508 1475 1437 865 1449 1197 1355 1821 2016 1241 1809 1724 1359 1432 1308 2005 2053 1450 1804 1670 1584 1485 671 1339 1104 2055 1001 1011 2243 1553 1880 2365 1707 2185 2223 1155 1986 1721 2318 1602 1658 1746 1398 1366 1459 1362 1215 490 1597 1097 1690 1765 1425 2265 1436 1577 1467 2520 1536 1398 1503 1879 555 1619 1748 1765 1051 2541 1723 1433 1023 1987 738 2425 2264 1236 1204 360 1716 1178 1553 1342 1603 1630 1675 1891 1546 1705 833 1302 1661 1419 1523 1406 1680 1410 1815 1472 1291 1433 1627 1259 1601 1699 1421 1684 1155 2438 1142 1470 2021 1584 1318 1457 2019 932 1057 1451 971 2062 2329 1438 1389 1825 1990 2199 1327 1304 776 1496 1207 1454 1968 2112 1341 2356 2324 1057 1674 1689 2015 2480 496 763 1707 1517 1461 1461 1230 973 1245 1369 1259 1750 812 2374 1852 1398 2310 1134 2058 1039 2132 2543 1439 2044 1912 1367 1416 1408 2416 954 1554 2245 1957 1340 1938 1767 951 1401 1467 1848 1806 630 1525 1750 1539 2275 1866 1927 1075 756 2271 1484
1010 1746 850 1075 1291 1185 950 1072 1113 1549 727 915 991 1089 1660 969 604 1591 986 891 1840 1144 1218 2178 1197 1754 972 2199 405 1281 1212 1395 1572 983 1122 1019 652 1048 766 1646 881 1033 1694 795 724 1154 1628 1954 1123 817 1203 907 1677 1380 1214 566 1149 1993 1303 818 1020 1210 1294 701 681 1238 850 1011 1122 1387 1162 1053 1087 1094 1412 1577 1304 937 2139 2143 1370 1096 834 1052 546 1215 1447 961 1060 2044 1109 976 1678 1603 1734 1498 878 1148 1876 1167 1957 1652 1161 1868 1579 1006 1129 1303 1458 1177 1054 923 852 569 1764 1528 1075 1372 1359 1433 1281 2059 1139 1056 1330 1244 1429 902 1758 1077 976 1394 1068 1293 1059 685 1069 1054 1527 865 1345 977 1050 1342 2054 985 1473 931 958 1117 1420 1450 1668 830 1121 1067 1755 930 1535 1754 1386 1355 901 1795 796 698 1078 1482 610 1225 1275 1306 821 1085 1554 1683 1687 1252 497 837 1053 1261 1362 1142 989 1348 962 1109 1006 956 1650 1067 1193 1335 1474 2035 1851 1094 1199 941 1457 2050 908 1743 1718 1716 360 1864 1139 1137 873 918 1819 1777 1941 656 1470 1375 1690 1097 999 1649 546 1553 1693 1143 790 666 1728 1209 986 1103 687 1933 1270 1427 2021 1086 1627 1272 826 1048 1376 1826 1427 1043 1146 1287 1401 674 722 948 807 858 934 1074 1393 1135 1233 1276 1081 844 1616 1584 2131 1309 775 1186 1861 1646 1616 1822 663 992 889 1062 1747 1419 1015 740 1629 930 1334 1104 1150 1128 1182 1816 757 1710 1852 1270 1064 1096 1067 1400 1776 1071 1073 1690 1049 888 840 828 792 988 1290 1349 1087 509 1376 1452 584 582 537 2147 585 1812 1177 1392 914 2169
1177 1175 1599 1228 973 1107 1358 1241 2119 1640 1622 1329 1371 1721 760 1317 1993 978 1800 1357 839 1582 1052 1502 1582 686 1267 697 1898 949 1450 2241 1980 1296 1230 1349 1712 1257 1605 644 2166 1299 990 1626 1529 1782 1095 1021 1914 1647 1751 1317 549 848 2107 1658 1176 508 1090 1446 2036 1176 1198 1808 2184 1778 1486 1352 1599 1000 1347 1253 1181 1248 1394 1251 927 1301 640 1277 1659 1132 1562 1576 2012 1553 1791 1371 1219 1896 1299 1525 1013 1154 1486 2169 2275 2094 1305 2219 1101 750 1168 1868 2255 1233 1560 1204 1467 1113 1455 1343 1382 1859 1197 897 1170 855 1060 2098 948 955 1849 1237 2104 995 1677 1327 1039 1245 1297 917 1235 939 1880 2110 1777 1171 1264 1580 964 1915 1186 1601 1303 1297 1291 2109 1404 1223 1282 864 555 2317 1183 1318 1672 1400 1341 1831 1238 1820 2214 429 1914 1677 2202 1068 1677 1379 1045 999 1857 1900 698 1051 931 973 1767 2143 1233 1985 1005 1275 1304 2308 1366 1175 1314 1685 994 1360 1401 1331 753 1925 988 1206 1054 1821 1437 1767 2361 527 530 1178 1864 360 1258 1125 1473 1466 947 1224 747 1688 1553 905 1001 1196 1332 757 1732 834 1177 1194 1493 1568 940 1032 1399 1409 1705 909 954 2125 567 1234 1458 1193 1402 1255 1598 615 799 1255 1458 1702 1985 1719 1511 1630 1912 2226 1293 1164 1432 1217 997 1083 1712 2067 725 1913 1607 920 1590 1347 1335 2047 1083 796 1685 2002 1374 1247 518 1673 1208 1495 651 1566 1044 2278 1538 1160 2105 414 2262 538 1484 2425 1232 1796 1655 924 677 1210 2419 608 1320 2322 2275 1396 2238 1547 982 988 1232 1939 1350 1141 1640 1771 1720 1541 1902 1251 1060 1024 2360 705
420 1573 724 484 948 536 553 471 1221 968 794 649 510 1454 1257 952 1175 1327 902 888 1463 1390 937 1421 1428 1041 845 1559 1155 743 1340 1363 1206 553 1046 1068 1154 488 1122 982 1292 473 918 765 781 902 1435 1178 1022 775 885 772 1079 899 1215 957 462 1405 545 691 1138 445 516 953 1445 1589 1054 488 719 641 480 485 547 428 1455 819 750 652 1533 1366 874 789 702 682 1226 1419 1012 1027 525 1431 402 1214 1426 1450 1033 1326 1423 1198 1113 1321 1178 934 463 1300 1418 627 681 1220 801 534 558 607 711 1045 1600 1208 856 819 1153 1250 852 1294 962 502 1230 686 919 818 1507 458 564 1054 485 740 1543 1455 884 704 774 704 653 1517 632 813 1281 548 729 1606 545 430 1384 757 1088 1604 980 1085 1126 569 806 1208 625 995 1342 1193 1037 844 1305 704 894 557 573 619 1384 1572 920 1453 918 817 1007 1568 516 1111 625 383 534 1418 537 517 501 787 1391 463 555 617 953 1437 1075 487 897 924 1517 1384 1530 1099 1088 1553 1139 1258 360 571 631 600 1047 1007 1207 872 1600 714 913 500 502 929 959 827 919 441 992 946 957 659 524 518 1171 1168 768 1270 1456 457 933 493 840 491 831 1338 919 500 1294 870 1147 1176 909 734 1033 1368 700 625 1466 417 712 537 821 1190 920 1165 1401 865 749 497 1104 1287 1417 1427 866 1581 635 479 1107 1640 723 908 971 675 1107 1382 667 515 1211 1226 1510 1163 1131 1527 496 905 763 697 1063 521 1543 1190 449 1483 1617 806 1570 649 961 632 459 1152 666 1312 960 964 1074 1400 1082 1044 844 1158 1524 1491
424 1363 839 474 737 427 594 491 1384 1170 857 582 619 1302 1062 786 1234 1119 1067 748 1269 1220 727 1530 1253 977 680 1448 1165 552 1154 1553 1417 531 852 895 1073 499 1011 876 1402 547 955 862 779 1096 1224 1207 1204 886 1086 644 937 705 1395 934 471 1267 582 689 1292 547 660 1043 1458 1427 920 604 918 632 691 496 415 519 1254 953 567 562 1405 1432 1085 590 799 868 1263 1241 1223 865 455 1614 597 1059 1217 1239 1198 1529 1511 1369 1223 1482 1227 874 475 1496 1622 496 883 1014 995 421 744 582 647 1099 1389 1001 663 642 942 1452 645 1293 1151 476 1424 496 1129 682 1299 500 533 845 480 555 1411 1428 1066 519 918 822 569 1400 465 1024 1367 532 888 1524 648 503 1178 672 938 1606 783 903 1314 637 969 1409 779 1204 1449 1057 1151 912 1453 770 923 766 512 532 1285 1439 792 1244 934 609 1023 1510 469 1305 603 594 539 1596 605 419 555 948 1183 644 766 806 774 1624 1105 456 688 1078 1316 1552 1601 983 963 1342 1137 1125 571 360 709 708 1066 1110 1164 925 1404 599 954 442 575 872 982 777 1018 490 877 879 977 460 651 719 1082 1169 568 1471 1310 492 1106 633 733 496 1040 1164 733 494 1114 1080 1352 1091 829 891 1150 1461 583 444 1268 513 511 540 1009 1303 839 1376 1536 661 825 708 1223 1498 1206 1235 922 1473 615 492 988 1455 553 821 861 820 897 1525 872 415 1386 1085 1531 1003 1281 1680 473 1090 950 624 998 446 1654 1015 583 1560 1594 708 1551 816 751 581 489 1189 852 1102 925 1012 1028 1521 1141 1150 635 947 1599 1402
538 1628 495 607 1028 730 475 596 1053 1096 523 562 481 1310 1389 877 906 1405 749 784 1593 1281 985 1667 1327 1295 790 1792 887 898 1267 1257 1231 542 1017 991 940 577 944 1215 1052 542 1190 512 539 835 1491 1450 904 538 851 685 1286 1042 1084 709 669 1617 810 485 956 710 782 696 1174 1458 912 503 701 902 651 582 654 602 1422 1064 915 591 1753 1630 944 819 450 625 954 1327 1059 934 614 1590 597 1089 1505 1491 1238 1272 1168 1046 1363 1148 1447 1189 680 1433 1365 635 686 1216 971 722 562 515 571 774 1652 1302 855 991 1194 1194 963 1565 869 596 1139 844 1001 726 1589 595 544 1144 599 903 1368 1196 777 731 1015 481 887 1324 677 897 1540 539 962 1378 446 627 1376 996 1288 1334 969 1023 1288 433 1028 1326 872 1000 1100 1406 802 575 1110 975 625 721 807 847 1178 1398 1138 1524 1189 926 739 1322 600 1028 881 631 530 1279 468 658 521 636 1471 554 692 827 1120 1588 1347 629 949 748 1482 1572 1267 1326 1309 1603 873 1473 631 709 360 411 1319 1264 1470 600 1544 935 1185 638 505 1185 690 1083 1179 657 834 737 1229 807 473 599 964 1439 906 1206 1660 606 1132 762 703 579 927 1508 1077 579 1210 892 1114 965 721 584 801 1116 636 692 1423 642 852 791 738 954 1165 1214 1629 985 481 675 1349 1314 1475 1563 595 1377 502 589 1333 1555 719 729 1201 511 1153 1179 695 673 1068 1434 1238 1352 1351 1338 602 806 690 938 1317 624 1305 1360 542 1222 1353 667 1306 547 1036 878 607 880 870 1339 722 693 835 1638 813 1299 902 1212 1263 1737
529 1654 492 599 1046 719 482 585 1039 1045 558 593 456 1360 1400 917 935 1427 727 827 1606 1327 1008 1621 1373 1275 826 1780 929 900 1310 1230 1186 551 1053 1033 991 570 994 1202 1063 527 1155 526 591 797 1516 1414 877 541 809 723 1280 1048 1061 759 653 1611 783 533 945 683 744 715 1213 1507 960 477 654 878 604 574 655 582 1460 1019 916 619 1745 1589 894 842 462 580 989 1371 1011 977 614 1539 562 1137 1527 1519 1188 1237 1186 1028 1318 1136 1409 1168 662 1382 1330 653 637 1250 920 712 510 541 613 806 1679 1320 884 991 1220 1159 975 1533 836 592 1109 845 951 766 1610 581 557 1162 591 904 1419 1241 746 752 969 474 871 1376 691 847 1497 548 915 1429 422 608 1411 980 1284 1374 1001 1063 1237 438 980 1275 828 955 1112 1399 808 605 1104 940 668 672 790 833 1229 1449 1129 1548 1158 937 781 1371 599 995 858 595 535 1260 464 653 513 610 1492 511 642 779 1122 1537 1313 620 971 732 1521 1521 1290 1315 1300 1630 918 1466 600 708 411 360 1286 1220 1446 636 1586 923 1150 631 494 1164 733 1061 1136 638 883 788 1196 809 436 549 1016 1408 912 1172 1656 592 1082 726 748 573 876 1512 1081 574 1253 845 1075 1017 771 554 806 1132 668 703 1463 619 856 768 701 962 1148 1167 1580 996 511 628 1303 1269 1500 1574 630 1428 536 580 1322 1600 744 779 1189 480 1178 1176 645 666 1048 1429 1274 1351 1301 1331 596 774 650 921 1297 622 1315 1363 515 1244 1398 712 1350 503 1056 859 594 915 822 1369 773 728 885 1591 842 1254 922 1237 1285 1720
1050 1680 1402 1105 1213 1006 1229 1107 1805 1144 1482 1279 1198 1961 1248 1457 1861 1438 1512 1443 1395 1852 1267 938 1872 631 1362 1080 1839 1017 1750 1848 1500 1198 1457 1543 1780 1131 1713 763 1950 1146 494 1448 1455 1430 1568 501 1576 1452 1380 1349 901 1060 1755 1625 1031 1063 875 1362 1745 970 905 1634 2131 2064 1612 1176 1272 797 1068 1126 1106 1085 1773 756 996 1265 1119 757 1226 1233 1387 1286 1914 1851 1334 1533 1125 1316 1084 1725 1507 1615 930 1734 2095 1763 718 1901 544 638 1019 1310 1808 1203 1236 1535 1006 1014 1197 1259 1347 1732 1706 1320 1304 978 1403 1673 1120 609 1502 1125 1712 1015 1223 1383 1559 1102 1206 1240 1112 1001 2091 2125 1458 1206 793 1382 864 2093 1170 1180 738 1195 844 2230 1233 1062 1668 788 934 2288 1387 1534 1121 1254 856 1292 860 1395 2002 927 1699 1531 1914 707 1580 1049 915 896 1987 2117 831 1545 493 1115 1691 2217 1130 1604 824 1050 1190 1943 1220 1078 1173 1419 1479 1137 1082 952 1010 1346 408 1088 1243 1550 1829 1181 2209 816 842 1675 1819 947 1047 1066 1319 1286 360 650 619 1560 1939 867 501 1087 1182 634 1645 676 633 1035 1579 1584 451 1036 1210 1140 1788 490 1051 1705 1133 1092 933 921 1439 1131 1164 1180 1026 1137 1731 1300 1557 1797 1535 1377 1693 2038 1290 1147 1802 1044 1046 905 1391 1847 701 1424 1024 1104 1437 1052 750 1555 1552 1350 1554 2170 1292 1117 824 2030 1247 1528 776 1338 1366 1996 1208 1060 1764 961 2197 1011 905 2114 1117 1465 1345 813 634 1115 2193 1092 1137 2160 2290 1414 2245 1295 1230 845 1092 1839 943 1541 1622 1652 1730 965 1768 669 1212 1381 2202 958
1046 1901 1311 1105 1363 1043 1201 1100 1621 885 1416 1286 1149 2051 1480 1535 1772 1649 1359 1497 1647 1960 1400 780 1988 898 1430 1369 1789 1134 1877 1621 1239 1193 1573 1637 1798 1123 1754 998 1813 1120 603 1364 1427 1244 1778 672 1390 1358 1187 1388 1147 1226 1552 1603 1035 1348 888 1339 1576 955 851 1536 2070 2170 1669 1130 1116 855 976 1118 1132 1065 1934 565 1120 1281 1409 737 1004 1321 1311 1152 1840 1972 1091 1613 1137 1031 1032 1809 1729 1818 643 1488 1971 1572 473 1712 613 863 1024 1020 1555 1233 1086 1689 786 1049 1096 1251 1352 1654 1928 1524 1396 1130 1572 1435 1259 831 1315 1126 1490 1112 987 1430 1790 1090 1203 1418 1109 1120 2161 2099 1290 1268 617 1293 951 2147 1213 971 637 1188 676 2252 1180 1049 1838 925 1177 2233 1501 1639 834 1212 642 1007 751 1168 1864 1195 1574 1457 1740 701 1528 926 965 968 2023 2190 1037 1766 662 1242 1642 2215 1136 1392 883 1000 1178 1727 1183 1098 1148 1286 1698 1070 960 813 1202 1060 624 1093 1368 1404 1994 907 2094 1078 1098 1891 1777 1224 1007 1110 1264 1220 650 360 908 1493 2097 985 594 1098 1150 857 1593 842 452 1030 1620 1591 644 1119 1151 1041 1812 752 1173 1468 1418 1083 667 876 1470 1124 947 1441 1204 1132 1847 1092 1321 1819 1551 1256 1566 1912 1319 1195 1958 1028 1148 929 1227 1712 917 1159 801 1250 1368 954 484 1286 1761 1602 1487 2216 1281 1110 1087 2171 1304 1548 1005 1237 1530 1822 1058 1082 1567 1231 2127 1261 619 1921 1118 1290 1192 918 906 1128 2042 1336 1093 2042 2257 1439 2210 1184 1380 916 1084 1768 783 1723 1608 1583 1721 773 1684 399 1326 1557 2085 1244
1180 1546 1571 1233 1192 1116 1366 1240 2021 1400 1633 1386 1351 1967 1115 1493 2016 1326 1716 1502 1224 1841 1261 1121 1853 553 1413 821 1967 1053 1723 2086 1755 1321 1455 1559 1856 1261 1771 698 2137 1289 724 1612 1579 1653 1452 644 1797 1622 1608 1426 781 1037 1981 1738 1163 833 1022 1487 1953 1123 1089 1801 2261 2050 1659 1329 1484 928 1256 1256 1214 1228 1709 1006 1029 1366 867 890 1469 1274 1548 1486 2058 1828 1584 1562 1242 1564 1248 1743 1378 1506 1190 1981 2271 1984 962 2120 728 649 1151 1568 2058 1298 1446 1489 1252 1124 1382 1380 1451 1884 1571 1222 1335 984 1347 1919 1122 571 1725 1249 1950 1073 1471 1452 1415 1237 1327 1184 1240 1038 2111 2229 1671 1274 1037 1551 956 2128 1257 1419 925 1320 1082 2291 1387 1203 1599 852 814 2411 1392 1540 1381 1399 1106 1552 1075 1638 2188 753 1882 1686 2124 901 1717 1255 1028 995 2041 2135 795 1416 685 1129 1823 2297 1251 1838 949 1216 1319 2175 1363 1193 1312 1614 1354 1307 1286 1172 960 1597 644 1212 1247 1750 1760 1423 2376 676 711 1546 1941 747 1207 1164 1470 1446 619 908 360 1708 1874 929 735 1207 1325 651 1779 749 891 1173 1642 1676 665 1103 1370 1328 1858 532 1078 1949 903 1227 1192 1097 1518 1261 1406 1001 991 1264 1717 1535 1802 1869 1623 1567 1877 2216 1379 1233 1743 1188 1094 1039 1604 2034 693 1680 1238 1098 1591 1246 998 1812 1437 1181 1703 2210 1413 1248 681 1981 1316 1611 716 1517 1318 2204 1419 1175 1988 779 2332 867 1157 2332 1242 1682 1553 901 534 1231 2385 952 1291 2330 2395 1500 2353 1481 1207 955 1226 1983 1172 1462 1729 1799 1828 1165 1923 924 1230 1317 2371 699
769 1732 554 837 1181 958 702 828 956 1256 437 722 722 1249 1555 934 669 1535 733 836 1752 1258 1122 1887 1309 1530 885 2014 659 1100 1282 1212 1308 755 1094 1028 819 807 874 1441 858 779 1430 499 534 885 1601 1689 889 524 926 786 1499 1229 1027 568 905 1827 1050 602 854 951 1020 506 937 1402 895 744 829 1141 876 812 870 840 1463 1290 1120 752 1968 1864 1080 967 542 757 713 1317 1167 965 834 1752 836 1066 1631 1589 1439 1277 948 972 1589 1037 1685 1424 916 1580 1365 817 834 1295 1162 950 762 704 682 536 1754 1446 977 1195 1308 1205 1138 1805 886 822 1119 1052 1139 807 1715 830 752 1295 829 1108 1267 981 804 895 1240 569 1118 1204 864 1048 1771 755 1183 1208 686 865 1441 1227 1497 1099 1065 1070 1460 669 1243 1466 1102 1082 900 1619 641 404 974 1215 426 934 1041 1079 1047 1296 1358 1644 1430 1104 519 1129 823 1029 1119 870 752 1199 704 882 755 674 1599 787 901 1045 1315 1744 1587 858 1092 700 1518 1754 1036 1548 1528 1705 656 1688 872 925 600 636 1560 1493 1708 360 1559 1161 1425 865 742 1420 472 1319 1411 895 813 669 1470 1015 710 813 852 1680 1101 1206 1865 840 1332 1001 746 808 1082 1695 1270 806 1217 1002 1152 846 692 657 646 901 774 884 1455 881 1052 1029 802 772 1397 1311 1837 1164 485 899 1571 1386 1586 1727 367 1239 673 820 1554 1541 868 710 1426 633 1273 1029 854 899 1002 1645 998 1553 1557 1197 829 833 780 1172 1552 845 1105 1550 783 994 1131 725 1082 692 1185 1114 842 639 1084 1434 599 452 685 1854 576 1527 1054 1334 1033 1966
1422 858 1653 1476 1095 1464 1488 1491 2155 2208 1558 1359 1558 791 1155 1029 1711 941 1908 1120 1181 687 1059 2498 636 1706 1127 1828 1515 1324 639 2408 2410 1437 914 913 1178 1480 1069 1553 1985 1519 1881 1629 1416 2019 848 2069 2069 1668 2035 1224 1453 1240 2224 1368 1512 1592 1607 1422 2053 1592 1703 1698 1666 714 1024 1559 1878 1609 1713 1481 1414 1534 526 1979 1337 1339 1720 2336 2098 1174 1603 1806 1653 615 2227 970 1436 2658 1611 859 942 785 2235 2451 1984 2171 2210 2231 2124 1662 1519 2539 2543 1339 1855 768 2038 1461 1709 1414 1333 1629 856 1018 1104 1330 896 2374 1198 2077 2046 1461 2306 1354 2149 1179 969 1505 1426 1059 1477 1338 933 1480 1955 1256 1951 1649 1510 1025 1328 2041 2308 1443 1928 1263 1559 1530 635 1535 1422 1709 981 883 2359 1519 2009 2448 1820 2181 2009 1511 1831 1589 2157 1767 1498 1796 1516 1499 1098 931 1470 913 1834 1216 1490 1381 1447 2203 1584 1622 1460 2398 1515 1446 1502 1810 945 1632 1786 1850 1291 2668 1987 1473 1094 1888 475 2589 1990 1559 1523 833 1470 1553 1600 1404 1544 1586 1939 2097 1874 1559 360 1471 1886 1460 1518 1666 1497 1634 2010 1529 1106 1251 1871 1357 1586 1714 1143 1982 1286 2382 1569 1504 2149 1677 1204 1476 2064 1339 1273 1468 701 2066 2299 1157 1228 1764 1838 1968 1287 1335 499 1547 1317 1565 1923 1930 1600 2384 2538 1208 1573 1735 2220 2493 854 1200 1564 1099 1411 1485 1555 500 1238 1211 1537 1695 933 2197 1855 1454 2200 1501 1742 1385 2306 2367 1465 1985 1875 1539 1717 1438 2182 1305 1567 1982 1590 1238 1581 1730 1077 1548 1501 1617 1897 774 1333 1574 1302 2506 1665 2136 1141 920 2000 1888
636 1316 1056 687 737 565 822 699 1576 1202 1090 820 827 1455 940 950 1470 1061 1256 942 1141 1350 776 1391 1374 739 858 1217 1403 512 1257 1712 1504 766 956 1037 1291 717 1213 640 1626 756 779 1086 1018 1250 1184 1008 1376 1105 1226 858 724 613 1569 1171 631 1052 567 928 1491 636 688 1271 1696 1562 1108 807 1066 512 813 712 652 703 1308 884 495 798 1183 1256 1169 725 1022 1036 1502 1355 1308 1025 686 1582 755 1218 1152 1215 1148 1660 1743 1553 1098 1675 1043 640 623 1496 1750 729 1027 1063 1018 572 912 820 883 1336 1344 933 796 513 950 1585 633 1074 1314 700 1577 509 1200 887 1225 701 769 804 695 497 1584 1659 1238 708 867 1037 426 1587 687 1108 1209 766 863 1733 861 678 1214 440 734 1843 885 1030 1301 861 938 1428 772 1316 1674 839 1372 1145 1657 663 1161 860 501 455 1486 1610 567 1185 742 618 1262 1731 698 1458 496 733 769 1771 826 638 773 1140 1118 816 876 844 627 1599 911 666 746 1276 1369 1493 1837 752 737 1302 1375 905 714 599 935 923 867 985 929 1161 1471 360 782 657 791 638 1221 554 898 649 1081 1107 784 535 854 870 1294 953 549 1609 1101 691 1078 674 950 715 1114 992 607 717 1232 1193 1476 1305 1054 1085 1370 1691 809 664 1332 671 539 547 1174 1525 600 1449 1427 625 1054 818 1108 1580 1166 1101 1157 1665 854 706 758 1547 750 1043 626 1021 907 1732 1008 622 1565 871 1770 811 1203 1880 693 1258 1116 427 761 676 1878 847 775 1794 1826 931 1784 1002 755 464 689 1427 878 1105 1160 1249 1259 1395 1378 1024 709 939 1834 1164
924 1669 1263 980 1151 891 1099 981 1665 1028 1347 1158 1064 1874 1246 1362 1724 1419 1371 1339 1413 1773 1197 971 1797 675 1263 1184 1708 935 1679 1714 1382 1073 1379 1456 1666 1005 1606 764 1809 1016 371 1310 1327 1290 1549 624 1436 1313 1242 1239 913 1007 1616 1500 906 1132 749 1234 1604 840 767 1495 1999 1985 1510 1042 1131 682 927 1000 989 955 1721 632 917 1147 1208 839 1094 1140 1251 1144 1779 1778 1209 1440 1004 1260 948 1634 1497 1591 845 1606 1955 1624 695 1761 632 629 894 1228 1683 1088 1094 1478 877 898 1056 1135 1226 1596 1696 1295 1214 915 1354 1544 1052 750 1363 1001 1578 923 1095 1276 1556 974 1082 1196 987 920 1996 2000 1317 1103 662 1243 764 1992 1059 1046 786 1070 709 2119 1099 934 1621 712 943 2157 1308 1452 1032 1122 731 1196 718 1264 1861 966 1558 1395 1773 570 1448 907 802 791 1879 2024 805 1534 429 1040 1560 2098 1008 1468 711 915 1064 1806 1088 959 1044 1278 1466 1000 941 811 974 1286 522 964 1169 1409 1780 1140 2069 847 866 1661 1690 1001 913 954 1185 1150 501 594 735 1425 1886 782 360 965 1051 623 1513 615 536 908 1471 1466 429 938 1075 1000 1676 631 972 1575 1200 965 827 784 1327 1005 1032 1209 980 1011 1655 1164 1427 1684 1419 1236 1552 1898 1176 1038 1747 915 958 783 1250 1706 683 1308 1024 1039 1301 912 716 1440 1532 1369 1419 2066 1167 991 857 1968 1142 1413 771 1198 1314 1855 1067 941 1625 1003 2063 1027 849 1974 993 1325 1203 720 686 994 2051 1101 1003 2020 2164 1300 2118 1154 1169 737 965 1705 804 1502 1498 1518 1608 982 1632 628 1132 1337 2063 1072
342 1440 763 392 815 453 524 408 1303 1108 793 553 539 1329 1144 820 1174 1198 985 765 1351 1258 798 1518 1294 1026 711 1514 1120 633 1202 1471 1342 473 906 934 1064 420 1015 938 1330 466 967 790 733 1015 1301 1225 1122 811 1005 651 1009 787 1313 899 423 1340 576 639 1213 506 621 974 1414 1460 935 522 837 651 618 416 406 440 1314 926 647 543 1475 1437 1012 649 726 786 1210 1284 1149 896 399 1565 520 1087 1297 1314 1158 1448 1445 1287 1209 1402 1237 920 434 1439 1541 497 803 1079 938 445 662 533 621 1040 1466 1081 716 721 1015 1371 726 1323 1068 402 1341 576 1059 695 1379 418 480 925 399 635 1428 1398 984 564 886 745 613 1409 493 952 1363 472 849 1517 569 430 1244 722 1013 1567 839 948 1262 564 929 1348 740 1126 1378 1128 1078 848 1374 767 869 698 539 574 1285 1456 860 1323 954 690 975 1493 404 1223 625 523 472 1514 530 382 478 866 1262 562 693 752 854 1573 1122 374 759 998 1377 1512 1540 1048 1031 1419 1097 1196 500 442 638 631 1087 1098 1207 865 1460 657 965 360 497 917 931 818 1007 432 882 861 996 542 570 640 1076 1197 651 1389 1385 411 1062 593 731 418 971 1244 815 419 1158 1002 1272 1083 816 810 1076 1393 581 485 1326 447 593 542 926 1231 892 1303 1512 743 757 638 1204 1423 1284 1317 861 1478 567 411 1055 1503 586 811 923 739 970 1447 793 395 1304 1158 1484 1080 1249 1600 396 1008 868 667 1048 389 1583 1095 501 1497 1563 701 1519 734 828 613 408 1136 800 1174 895 954 1003 1503 1081 1137 706 1023 1537 1461
395 1546 626 464 928 586 410 451 1169 1063 667 526 406 1336 1273 853 1051 1311 853 776 1479 1284 898 1562 1326 1149 751 1648 1017 767 1249 1347 1256 441 970 971 1015 436 991 1070 1195 396 1055 655 638 898 1407 1315 995 675 898 661 1146 918 1184 814 523 1477 668 549 1077 571 659 842 1309 1476 933 400 731 758 571 440 523 457 1382 959 782 540 1612 1508 939 735 591 669 1095 1320 1070 923 483 1543 481 1101 1411 1414 1161 1337 1314 1155 1255 1267 1318 1043 534 1401 1431 546 702 1159 912 579 555 475 579 918 1571 1200 789 857 1114 1260 849 1425 947 458 1221 711 992 708 1494 449 452 1042 457 770 1415 1313 859 643 912 608 741 1384 574 884 1424 435 865 1466 432 482 1323 850 1150 1466 911 995 1238 433 939 1301 764 1031 1243 1265 942 720 1238 843 758 654 661 702 1248 1445 995 1434 1050 812 869 1425 467 1104 736 510 418 1384 398 519 380 734 1376 475 636 742 989 1546 1212 486 859 863 1444 1508 1413 1183 1166 1523 999 1332 502 575 505 494 1182 1150 1325 742 1518 791 1051 497 360 1039 822 937 1061 512 865 806 1091 676 439 556 1033 1299 781 1275 1522 460 1058 635 716 439 908 1380 949 441 1197 911 1167 1038 773 677 940 1261 592 581 1389 498 725 646 806 1095 1020 1226 1538 869 627 596 1245 1338 1390 1446 738 1445 497 445 1189 1546 646 774 1057 605 1070 1310 699 532 1173 1295 1375 1217 1265 1464 462 885 749 793 1171 489 1447 1230 419 1368 1475 679 1429 607 939 732 462 1020 789 1268 818 834 931 1540 957 1187 808 1127 1409 1591
891 1414 1292 943 945 825 1078 951 1771 1243 1346 1094 1068 1707 986 1216 1730 1167 1458 1217 1150 1591 1005 1208 1608 471 1131 1004 1676 771 1483 1866 1584 1031 1198 1292 1569 973 1487 501 1862 1003 614 1330 1288 1415 1297 763 1554 1343 1378 1137 650 790 1744 1446 875 899 745 1196 1696 844 831 1519 1969 1803 1379 1046 1237 648 994 968 922 943 1499 855 749 1074 1000 1030 1269 994 1266 1227 1768 1586 1398 1289 951 1521 971 1476 1241 1343 1099 1783 1991 1739 954 1871 819 367 864 1478 1866 1006 1198 1263 1071 833 1115 1089 1159 1596 1440 1047 1059 716 1130 1714 859 802 1485 960 1728 785 1283 1164 1297 950 1036 966 951 756 1845 1937 1422 986 866 1272 664 1854 966 1212 1010 1029 894 2009 1103 917 1394 560 680 2119 1130 1279 1280 1112 943 1435 850 1433 1912 713 1607 1400 1866 675 1427 1009 739 703 1760 1870 557 1278 554 859 1532 2010 961 1612 665 941 1029 1943 1077 902 1025 1349 1211 1032 1036 946 736 1546 682 923 984 1486 1555 1403 2092 593 606 1406 1649 757 929 872 1185 1164 634 857 651 1420 1666 638 623 917 1039 360 1489 462 794 887 1357 1386 580 813 1089 1063 1571 687 801 1742 964 940 1063 833 1229 972 1207 948 753 975 1468 1319 1599 1583 1332 1299 1603 1936 1088 942 1529 904 810 755 1355 1760 426 1517 1279 839 1306 988 978 1651 1281 1105 1416 1935 1122 960 603 1759 1028 1322 509 1244 1094 1945 1173 884 1746 750 2041 764 1112 2081 952 1437 1300 610 493 940 2113 838 1009 2047 2104 1210 2062 1213 962 666 938 1693 960 1267 1437 1511 1537 1229 1636 890 959 1107 2088 923
840 1708 665 907 1192 1023 776 901 1022 1368 540 764 810 1163 1567 908 628 1526 833 815 1758 1186 1126 1992 1238 1596 880 2063 556 1143 1224 1290 1415 818 1069 988 722 878 796 1497 868 858 1517 611 563 992 1582 1777 984 637 1036 792 1543 1259 1106 489 979 1866 1130 653 922 1034 1112 567 846 1316 838 831 942 1217 977 884 928 919 1414 1392 1164 790 2010 1961 1193 983 648 869 641 1249 1278 925 897 1865 927 999 1619 1565 1548 1370 925 1045 1691 1094 1777 1492 991 1692 1456 860 946 1265 1272 1015 868 760 709 504 1729 1447 979 1236 1295 1299 1163 1887 988 889 1208 1099 1252 803 1702 905 813 1303 899 1153 1169 872 910 924 1342 679 1184 1101 906 1161 1870 819 1287 1096 776 943 1402 1291 1538 1004 1051 1033 1572 751 1349 1579 1201 1191 903 1663 695 516 1019 1303 425 1039 1110 1145 943 1197 1410 1630 1513 1131 409 1016 888 1124 1193 960 820 1265 784 946 832 784 1589 883 1007 1149 1349 1857 1674 927 1100 796 1466 1866 993 1600 1577 1680 546 1732 959 982 690 733 1645 1593 1779 472 1497 1221 1513 931 822 1489 360 1390 1509 971 759 612 1554 1063 803 917 757 1761 1138 1298 1900 915 1441 1092 732 879 1195 1719 1303 875 1158 1114 1254 750 651 769 703 886 800 928 1402 961 1094 1105 912 797 1460 1420 1945 1191 589 1000 1675 1492 1568 1736 480 1132 727 892 1605 1469 890 671 1481 745 1264 1064 966 964 1077 1687 914 1588 1665 1234 897 938 892 1239 1618 908 1100 1577 870 959 1025 720 977 803 1194 1184 916 567 1190 1410 524 437 584 1960 548 1628 1069 1325 994 2023
790 1420 1190 843 901 727 977 851 1671 1172 1245 999 965 1645 1004 1144 1628 1167 1357 1136 1185 1535 952 1225 1556 573 1052 1101 1578 701 1435 1773 1506 932 1140 1227 1483 872 1407 553 1760 901 609 1228 1190 1319 1296 815 1456 1241 1283 1050 696 753 1647 1351 774 981 643 1098 1595 742 733 1416 1872 1748 1302 944 1139 546 894 867 826 841 1468 799 680 980 1091 1070 1184 919 1164 1127 1668 1535 1316 1219 853 1486 869 1410 1248 1337 1055 1695 1888 1640 948 1771 857 467 763 1428 1780 913 1100 1227 995 735 1014 991 1065 1495 1446 1042 989 665 1100 1625 805 880 1388 860 1635 704 1202 1080 1311 849 937 941 851 685 1777 1845 1323 901 801 1170 568 1781 875 1126 1034 930 820 1927 1001 815 1367 474 721 2023 1071 1218 1229 1011 878 1377 763 1345 1810 782 1504 1298 1765 595 1328 913 639 606 1681 1803 559 1284 560 799 1433 1923 862 1518 562 839 930 1847 975 804 924 1247 1216 930 938 857 720 1508 722 823 927 1385 1526 1379 1990 667 670 1410 1553 834 827 777 1083 1061 676 842 749 1319 1634 554 615 818 937 462 1390 360 766 785 1275 1295 599 728 987 962 1487 758 735 1652 1042 838 1007 733 1141 871 1123 997 725 875 1415 1229 1511 1498 1243 1197 1500 1834 997 851 1495 802 733 653 1256 1657 469 1441 1279 790 1204 889 966 1575 1279 1141 1315 1860 1024 859 676 1719 943 1233 552 1142 1061 1843 1076 785 1649 819 1943 808 1085 1981 852 1338 1201 513 595 842 2010 872 906 1945 2012 1120 1968 1111 918 565 837 1593 875 1246 1343 1410 1445 1237 1535 878 896 1082 1986 1025
955 1825 1233 1014 1276 951 1112 1009 1569 871 1334 1195 1063 1959 1409 1443 1694 1572 1296 1405 1583 1869 1311 872 1897 851 1338 1349 1705 1046 1787 1588 1228 1103 1482 1546 1707 1032 1662 934 1747 1031 546 1284 1340 1191 1700 696 1338 1280 1137 1296 1084 1142 1507 1516 943 1307 796 1251 1519 864 762 1459 1988 2079 1577 1043 1052 764 895 1028 1041 975 1847 499 1032 1190 1379 813 966 1229 1230 1081 1760 1881 1066 1521 1045 1086 945 1717 1654 1739 669 1466 1902 1523 565 1662 657 801 932 1052 1538 1141 1020 1602 744 957 1017 1161 1262 1574 1852 1446 1305 1045 1487 1408 1171 851 1263 1035 1455 1021 957 1338 1717 1000 1113 1335 1018 1031 2069 2013 1231 1176 548 1213 861 2055 1121 926 722 1098 607 2161 1094 959 1752 841 1113 2151 1410 1548 857 1125 593 1024 668 1134 1798 1142 1504 1376 1685 609 1444 850 873 878 1932 2098 964 1690 605 1154 1558 2127 1045 1351 792 913 1088 1689 1095 1007 1059 1217 1622 985 885 739 1123 1112 622 1002 1279 1339 1908 973 2023 1023 1040 1815 1693 1177 919 1018 1179 1136 633 452 891 1411 2010 898 536 1007 1061 794 1509 766 360 939 1528 1501 599 1028 1066 962 1721 753 1084 1441 1376 993 660 786 1378 1034 906 1382 1123 1042 1756 1048 1293 1728 1460 1184 1497 1843 1228 1103 1870 938 1058 837 1167 1645 850 1151 889 1163 1285 873 570 1281 1683 1538 1405 2125 1191 1019 1032 2082 1212 1457 939 1160 1445 1767 991 990 1520 1179 2047 1198 679 1874 1027 1234 1127 831 862 1036 1980 1270 1006 1971 2172 1348 2125 1108 1293 826 993 1688 715 1639 1520 1502 1633 864 1605 491 1236 1473 2015 1231
376 1492 769 434 866 456 555 432 1289 1041 819 616 541 1401 1177 892 1203 1246 969 837 1383 1330 857 1449 1366 998 783 1503 1164 662 1273 1441 1288 525 975 1006 1128 456 1084 925 1341 475 911 804 779 980 1353 1171 1096 819 965 722 1011 818 1289 951 380 1340 520 686 1203 435 549 992 1457 1532 1007 520 798 606 561 451 476 416 1381 855 671 611 1471 1375 955 715 739 756 1246 1356 1093 969 467 1494 474 1160 1344 1369 1086 1407 1464 1269 1140 1389 1179 891 385 1370 1499 569 761 1143 869 453 631 586 682 1070 1518 1126 785 741 1072 1331 771 1276 1039 455 1309 605 998 767 1425 426 535 972 439 660 1499 1452 958 634 814 750 593 1479 564 894 1298 522 777 1582 577 390 1308 701 1018 1613 907 1019 1192 586 857 1281 668 1077 1390 1128 1086 872 1368 705 907 636 512 555 1352 1528 856 1371 903 735 1017 1553 465 1189 584 465 515 1492 550 442 499 852 1309 530 636 681 876 1502 1068 424 818 988 1443 1440 1565 1039 1025 1472 1143 1194 441 490 657 638 1035 1030 1173 895 1529 649 908 432 512 887 971 785 939 360 952 923 944 577 566 597 1142 1150 687 1351 1389 417 990 521 800 457 910 1263 840 463 1229 952 1228 1148 880 797 1083 1411 652 554 1393 385 630 494 897 1239 870 1245 1441 784 779 577 1135 1368 1335 1347 890 1546 618 442 1046 1574 658 877 912 732 1027 1443 748 436 1283 1159 1525 1091 1177 1592 447 980 838 643 1020 460 1592 1114 486 1520 1615 768 1570 715 880 581 416 1171 729 1232 950 986 1060 1433 1110 1069 765 1077 1560 1442
819 1320 921 879 889 942 820 886 1409 1561 815 703 890 836 1244 546 1003 1161 1167 500 1415 813 811 2040 862 1449 590 1830 833 949 829 1662 1702 799 692 592 579 865 494 1317 1264 884 1472 890 678 1292 1199 1720 1328 929 1318 593 1314 1006 1478 631 945 1609 1093 710 1307 1027 1139 953 1081 983 443 900 1175 1149 1076 869 848 926 1014 1446 973 701 1758 1950 1418 730 874 1099 972 867 1534 532 844 2048 984 620 1248 1176 1665 1714 1297 1424 1731 1487 1744 1358 956 1900 1805 747 1161 875 1417 935 1027 750 646 900 1339 1104 682 1026 930 1639 906 1795 1311 858 1564 932 1474 555 1328 898 788 981 875 964 910 979 1222 733 1404 921 1075 887 772 1369 1882 805 1362 1012 877 937 1004 1161 1299 1196 698 639 1743 834 1439 1795 1255 1471 1295 1426 1088 843 1417 1285 753 1159 1029 1043 768 940 1219 1253 1448 886 762 1017 846 1465 1120 1008 819 1652 846 881 858 1077 1220 978 1139 1246 1101 2049 1619 888 801 1144 1068 2013 1338 1395 1365 1291 790 1493 992 877 834 883 1579 1620 1642 813 1106 1081 1471 882 865 1357 759 1275 1528 952 360 507 1491 906 909 1050 575 1673 926 1644 1629 903 1563 1112 512 863 1397 1419 1056 855 764 1366 1572 588 482 1037 1094 1268 660 793 1004 958 908 1054 1198 1197 1309 1688 2032 934 835 1102 1727 1784 1187 1400 817 956 730 877 1398 1095 692 468 1299 976 907 1464 1168 898 1454 1442 1163 1326 1764 1634 865 1252 1156 1127 1469 852 1485 1293 924 1315 1142 546 1107 1020 884 1095 901 917 1294 1024 597 834 615 2025 940 1659 793 964 1343 1820
786 1461 800 849 985 938 756 851 1264 1474 682 668 820 949 1354 667 861 1291 1033 585 1535 948 912 2007 999 1485 667 1905 706 995 975 1521 1586 758 826 737 568 828 573 1365 1118 833 1468 762 561 1169 1338 1724 1193 799 1200 613 1383 1081 1337 484 922 1693 1078 624 1162 997 1101 807 978 1101 587 834 1069 1147 1010 833 838 886 1162 1405 1019 679 1840 1938 1318 796 757 992 840 1007 1426 675 822 1967 928 756 1381 1317 1604 1581 1158 1281 1698 1341 1739 1387 934 1810 1671 743 1059 1017 1344 930 939 699 600 753 1481 1223 769 1082 1059 1507 981 1813 1182 828 1427 965 1376 600 1463 861 748 1088 843 1008 992 912 1094 766 1359 803 1088 947 780 1274 1861 762 1311 1020 798 902 1150 1185 1372 1109 818 783 1665 757 1385 1702 1210 1355 1150 1500 941 703 1270 1267 607 1088 1029 1052 803 1022 1270 1389 1451 954 617 992 819 1332 1120 957 773 1507 778 867 804 952 1352 908 1063 1185 1176 1966 1621 863 894 1006 1215 1945 1207 1455 1428 1433 666 1568 946 879 737 788 1584 1591 1676 669 1251 1107 1466 861 806 1386 612 1295 1501 923 507 360 1494 934 831 971 588 1688 980 1510 1718 868 1499 1075 525 827 1304 1520 1129 820 910 1258 1446 591 417 917 948 1126 658 804 1151 923 949 1043 1077 1049 1345 1578 1985 1009 711 1035 1690 1667 1325 1517 674 1002 671 841 1459 1232 725 434 1348 863 1032 1316 1071 885 1311 1519 1057 1410 1711 1486 836 1124 1041 1143 1506 832 1343 1386 865 1181 1079 537 1038 914 984 1101 868 779 1232 1164 452 687 513 1986 794 1629 873 1091 1211 1882
959 1634 1313 1014 1140 916 1138 1016 1728 1097 1392 1188 1107 1879 1206 1372 1771 1387 1431 1356 1366 1773 1191 990 1794 614 1276 1114 1748 935 1674 1782 1452 1107 1378 1461 1691 1040 1625 719 1865 1055 419 1359 1364 1355 1517 590 1501 1364 1308 1260 866 991 1682 1534 940 1068 784 1270 1665 880 817 1545 2040 1985 1525 1086 1193 706 981 1034 1016 994 1705 701 916 1174 1140 832 1163 1148 1298 1203 1823 1774 1278 1449 1034 1316 994 1642 1461 1561 909 1676 2009 1688 735 1825 619 586 927 1292 1753 1113 1156 1465 947 923 1110 1168 1256 1643 1661 1265 1220 904 1337 1613 1044 697 1428 1034 1646 930 1165 1295 1518 1010 1115 1176 1020 919 2007 2034 1380 1118 731 1293 776 2006 1080 1114 796 1104 777 2141 1143 971 1603 707 897 2197 1308 1454 1097 1163 800 1263 780 1333 1917 910 1613 1442 1835 619 1489 967 825 807 1899 2033 773 1499 403 1037 1600 2126 1039 1535 734 961 1099 1873 1129 987 1082 1335 1431 1048 1000 875 949 1344 488 996 1165 1468 1763 1191 2121 793 814 1627 1728 940 957 977 1229 1196 451 644 665 1470 1871 784 429 996 1091 580 1554 599 599 944 1491 1494 360 949 1120 1054 1699 573 971 1644 1137 1001 895 832 1350 1040 1101 1157 960 1046 1653 1232 1497 1708 1445 1292 1607 1952 1200 1058 1733 953 963 813 1312 1762 645 1378 1058 1029 1347 967 761 1510 1500 1321 1464 2083 1201 1026 802 1958 1159 1438 729 1251 1298 1916 1128 969 1690 946 2106 979 903 2038 1026 1388 1264 727 623 1024 2109 1056 1046 2072 2199 1325 2154 1209 1157 755 1001 1749 871 1479 1531 1562 1639 1009 1679 674 1132 1317 2115 1002
524 1278 939 574 655 484 692 591 1485 1238 950 659 720 1296 962 783 1321 1030 1167 768 1170 1201 661 1535 1229 911 686 1360 1239 451 1121 1652 1503 626 816 880 1115 600 1038 796 1498 648 937 960 860 1194 1140 1177 1304 985 1181 683 843 605 1495 1003 556 1172 610 774 1393 614 714 1137 1531 1412 936 705 1013 624 778 597 514 616 1200 983 467 633 1312 1417 1167 563 898 967 1345 1214 1307 861 554 1664 690 1056 1128 1159 1238 1624 1603 1469 1232 1583 1207 814 556 1556 1716 564 978 956 1058 485 841 671 717 1187 1305 909 638 543 868 1547 555 1249 1250 577 1522 397 1208 711 1208 599 626 756 581 455 1418 1486 1166 532 954 922 534 1417 518 1106 1361 628 933 1558 748 596 1117 615 842 1675 744 880 1369 736 1013 1475 827 1294 1545 963 1249 1005 1553 779 1007 847 519 510 1312 1445 706 1155 907 521 1102 1556 569 1403 596 682 637 1697 705 519 656 1049 1093 741 851 870 673 1676 1078 555 624 1179 1263 1592 1690 896 874 1259 1209 1032 659 460 807 809 1036 1119 1103 1015 1357 535 938 542 676 813 1063 728 1028 577 906 934 949 360 752 814 1119 1127 470 1567 1213 591 1154 690 775 597 1120 1063 632 594 1088 1169 1445 1130 879 992 1248 1554 637 495 1218 602 413 569 1107 1401 771 1457 1554 566 920 792 1237 1582 1122 1135 1013 1493 702 593 901 1419 574 868 780 921 823 1625 965 511 1486 990 1606 904 1311 1780 574 1190 1049 582 932 546 1750 914 683 1650 1653 757 1612 916 670 563 588 1271 914 1029 990 1099 1086 1532 1230 1159 575 869 1688 1321
467 1624 563 537 1007 652 457 521 1093 1012 632 586 392 1385 1351 918 1011 1391 775 834 1558 1341 977 1556 1385 1200 819 1709 1000 843 1313 1268 1185 516 1042 1035 1038 512 1029 1131 1135 463 1080 602 643 820 1486 1339 916 614 821 722 1214 995 1105 817 582 1544 707 567 1003 607 670 790 1286 1528 982 407 656 802 541 514 601 510 1453 952 857 606 1677 1517 876 813 538 591 1064 1381 1002 984 561 1500 486 1154 1490 1492 1134 1259 1261 1077 1251 1192 1335 1093 591 1350 1353 623 629 1233 872 646 483 531 625 882 1650 1279 864 931 1192 1181 928 1457 867 535 1141 786 930 769 1574 515 525 1121 530 845 1454 1308 779 720 903 544 800 1417 653 823 1427 511 851 1483 392 536 1397 907 1220 1447 985 1062 1196 435 919 1247 759 958 1184 1332 880 681 1165 865 738 617 718 762 1275 1484 1061 1513 1082 891 852 1432 545 1025 784 520 494 1306 430 593 460 657 1456 441 592 718 1064 1500 1237 557 938 788 1515 1474 1366 1246 1231 1601 986 1399 524 651 473 436 1210 1151 1370 710 1586 854 1075 570 439 1089 803 987 1066 566 909 831 1120 752 360 501 1060 1332 859 1197 1591 525 1029 651 765 515 850 1455 1025 519 1260 840 1090 1062 806 600 876 1207 658 661 1458 545 802 693 727 1033 1075 1158 1521 947 586 566 1237 1268 1469 1524 704 1473 541 518 1252 1608 721 810 1118 529 1149 1239 630 603 1095 1363 1349 1289 1244 1391 538 805 670 848 1222 567 1386 1305 440 1320 1466 728 1419 527 1018 785 528 990 763 1345 827 802 941 1528 918 1186 887 1205 1361 1647
545 1720 630 613 1095 694 593 596 1071 871 737 720 521 1525 1414 1049 1092 1478 754 971 1621 1479 1077 1435 1521 1174 947 1702 1111 900 1445 1205 1066 636 1164 1167 1177 600 1170 1130 1172 555 1006 682 778 743 1581 1260 865 678 727 856 1233 1056 1059 949 618 1557 682 707 993 593 599 859 1388 1668 1122 515 560 777 432 600 684 560 1576 837 909 736 1682 1415 744 920 631 527 1158 1516 876 1119 650 1358 483 1293 1577 1593 999 1170 1315 1044 1135 1171 1246 1069 621 1209 1263 737 524 1349 732 691 416 666 765 972 1746 1360 979 978 1294 1093 1005 1390 804 622 1072 843 795 903 1659 583 647 1205 610 898 1596 1428 728 829 787 611 807 1558 757 688 1319 630 730 1618 534 577 1513 905 1244 1552 1103 1191 1054 576 791 1107 654 846 1223 1346 919 776 1162 794 853 482 728 774 1414 1626 1074 1603 1019 969 966 1561 636 952 767 497 613 1261 566 661 571 646 1542 442 453 592 1112 1359 1161 626 1037 783 1638 1334 1430 1248 1239 1699 1103 1409 518 719 599 549 1140 1041 1328 813 1714 870 1000 640 556 1063 917 962 962 597 1050 971 1054 814 501 360 1199 1267 924 1113 1610 589 892 591 905 604 712 1497 1077 611 1393 723 992 1202 947 599 913 1257 788 757 1584 572 867 686 664 1068 1062 1032 1391 1020 688 449 1118 1148 1564 1585 806 1613 680 599 1256 1742 838 952 1120 559 1249 1241 512 664 1056 1379 1446 1320 1112 1379 621 748 606 845 1195 651 1418 1349 508 1380 1583 868 1534 514 1108 781 592 1086 633 1451 961 902 1075 1403 1003 1074 985 1303 1423 1627
1006 1451 1013 1067 1095 1145 983 1072 1413 1700 887 886 1048 769 1435 748 931 1327 1225 716 1593 817 1016 2230 869 1664 806 2041 732 1165 892 1687 1795 980 868 749 396 1049 465 1533 1208 1058 1677 969 785 1374 1344 1929 1380 1004 1410 799 1527 1219 1502 644 1138 1817 1292 852 1315 1217 1324 964 916 921 583 1062 1289 1354 1238 1054 1047 1109 1094 1630 1189 892 1966 2152 1540 946 975 1212 869 887 1643 705 1037 2195 1155 657 1405 1311 1833 1766 1202 1441 1921 1478 1949 1572 1150 2035 1853 947 1282 1019 1572 1137 1166 923 820 866 1467 1287 896 1242 1103 1695 1120 2008 1378 1046 1605 1146 1599 767 1481 1082 969 1178 1063 1180 776 779 1295 946 1585 1019 1285 721 978 1498 2080 985 1538 802 1027 1123 1115 1374 1512 1007 893 794 1893 986 1612 1926 1436 1567 1229 1638 1087 893 1395 1483 785 1317 1234 1251 575 805 1435 1405 1656 1102 734 801 1036 1520 1325 1183 996 1655 1006 1079 1030 1158 1381 1137 1292 1414 1314 2192 1827 1079 1010 1191 1136 2174 1215 1610 1580 1421 687 1705 1171 1082 964 1016 1788 1812 1858 852 1143 1294 1676 1076 1033 1571 757 1487 1721 1142 575 588 1699 1119 1060 1199 360 1885 1142 1695 1833 1089 1728 1298 709 1048 1529 1618 1269 1040 827 1475 1644 376 622 1130 1096 1185 859 1000 1072 1144 1123 1254 1286 1162 1524 1792 2212 1148 923 1264 1914 1875 1335 1583 858 773 896 1062 1613 1092 904 624 1515 1082 1089 1427 1295 1096 1473 1653 997 1535 1939 1594 1054 1324 1255 1338 1684 1046 1399 1497 1093 1203 937 736 905 1135 1088 1303 1088 836 1460 1168 617 831 535 2211 896 1851 1007 1141 1224 2034
1163 1686 1526 1217 1271 1112 1345 1221 1935 1265 1602 1386 1317 2035 1252 1540 1983 1455 1642 1535 1379 1918 1332 954 1935 637 1451 984 1955 1095 1809 1976 1621 1310 1525 1619 1880 1244 1805 789 2078 1263 623 1571 1568 1560 1583 473 1706 1577 1510 1447 906 1115 1885 1736 1144 1004 991 1475 1875 1089 1030 1758 2247 2130 1700 1296 1402 906 1195 1239 1212 1201 1815 883 1073 1370 1037 733 1354 1316 1510 1415 2033 1912 1459 1614 1235 1395 1206 1803 1515 1634 1036 1859 2222 1894 795 2032 556 689 1132 1408 1932 1305 1366 1584 1133 1120 1324 1370 1453 1853 1712 1343 1384 1044 1447 1800 1187 486 1633 1236 1841 1102 1349 1478 1559 1216 1317 1283 1224 1079 2171 2234 1588 1299 922 1506 961 2178 1270 1309 755 1307 974 2325 1353 1178 1708 872 940 2403 1458 1606 1226 1372 982 1399 989 1523 2130 904 1826 1653 2044 833 1697 1178 1020 996 2079 2196 874 1554 610 1187 1807 2319 1241 1734 932 1172 1303 2072 1337 1186 1289 1548 1489 1261 1211 1082 1051 1429 491 1199 1312 1680 1869 1252 2334 808 840 1684 1933 909 1168 1169 1439 1408 490 752 532 1680 1982 953 631 1197 1299 687 1761 758 753 1150 1673 1688 573 1127 1332 1267 1885 360 1127 1832 1074 1206 1050 1044 1538 1244 1292 1157 1075 1249 1795 1429 1684 1895 1638 1505 1820 2165 1391 1247 1847 1160 1130 1017 1521 1975 749 1544 1066 1167 1558 1180 832 1673 1568 1334 1675 2257 1404 1230 815 2080 1341 1629 804 1464 1414 2126 1338 1168 1894 934 2315 1006 993 2244 1228 1596 1475 907 628 1224 2322 1091 1256 2285 2400 1515 2356 1422 1287 948 1206 1959 1074 1575 1731 1772 1836 995 1890 763 1286 1421 2328 854
632 1174 1040 682 559 592 793 699 1591 1337 1040 738 827 1270 853 775 1401 923 1274 786 1060 1161 587 1581 1184 885 696 1288 1304 398 1067 1762 1610 724 767 853 1143 706 1052 750 1591 756 969 1057 937 1304 1036 1191 1413 1084 1292 726 766 496 1603 1064 666 1088 697 858 1498 718 810 1229 1591 1374 940 812 1124 683 886 704 618 726 1124 1057 415 709 1232 1443 1274 556 997 1076 1417 1165 1414 847 658 1748 800 1036 1020 1059 1318 1734 1689 1577 1286 1688 1230 801 665 1649 1826 643 1088 879 1155 594 951 761 788 1268 1200 800 618 462 775 1657 453 1244 1359 683 1632 444 1313 742 1100 708 722 650 688 412 1404 1530 1275 576 1033 1024 584 1413 596 1212 1399 727 1019 1573 853 706 1034 623 759 1729 697 843 1458 837 1098 1571 917 1403 1637 885 1346 1095 1655 842 1085 954 604 578 1322 1429 653 1049 930 429 1173 1583 674 1513 659 792 738 1805 808 628 761 1156 985 851 959 969 575 1763 1096 664 556 1284 1186 1668 1770 835 808 1155 1270 954 768 568 906 912 1051 1173 1078 1101 1286 549 972 651 781 801 1138 735 1084 687 926 980 971 470 859 924 1142 1127 360 1677 1124 700 1239 788 815 703 1225 961 530 700 1042 1278 1555 1154 923 1099 1346 1642 699 577 1146 712 417 659 1217 1496 747 1563 1613 458 1014 900 1294 1689 1019 1026 1099 1494 789 701 838 1358 615 909 732 1027 731 1726 1075 621 1594 908 1668 812 1382 1883 681 1299 1158 615 904 651 1842 813 792 1732 1696 804 1657 1024 576 623 697 1345 1011 935 1047 1180 1133 1584 1312 1212 521 771 1769 1262
1290 2461 1089 1360 1842 1447 1287 1342 724 948 1189 1405 1229 2095 2168 1720 1232 2226 837 1625 2374 2097 1814 1684 2147 1842 1636 2381 1400 1653 2103 525 648 1353 1863 1832 1661 1341 1720 1841 1048 1291 1585 1114 1327 737 2323 1775 676 1075 745 1531 1963 1810 597 1414 1372 2273 1405 1323 784 1336 1289 1094 1537 2248 1727 1237 913 1487 1158 1342 1430 1311 2266 1309 1661 1431 2382 1802 840 1649 1140 966 1333 2151 737 1772 1392 1248 1236 1904 2325 2329 1226 431 1210 667 1496 749 1722 1748 1374 1061 520 1459 949 2062 1059 1444 1087 1353 1416 1217 2487 2111 1696 1729 2029 395 1756 1932 697 1364 462 1596 844 1571 2408 1331 1361 1954 1355 1651 2107 1693 788 1557 1273 1094 1543 2036 1490 892 1681 1348 1226 1991 1214 1330 2222 1628 1978 1682 1813 1867 1094 1248 1209 964 1251 671 1081 2067 991 1168 838 1428 1272 1109 1471 1516 1878 2136 1803 2349 1625 1719 1328 1877 1377 539 1487 1248 1331 654 1263 1412 1296 933 2291 1187 1092 1156 1862 1218 1702 1375 1775 865 2326 1345 1341 1958 1956 2438 1427 2125 1270 1471 1206 1172 1705 1468 1949 1206 2382 1609 1575 1389 1275 1742 1298 1652 1441 1351 1644 1510 1644 1567 1197 1113 1695 1832 1677 360 2331 1338 1165 1298 1538 1344 903 2241 1829 1350 2042 783 507 1688 1521 982 980 1160 1480 1496 2266 1325 1620 1422 831 1003 1761 721 1554 1772 1169 1151 1459 673 2306 2338 1200 2058 1347 1343 1967 2379 1555 1536 1834 1054 1986 895 964 1416 634 2103 1545 2059 1337 901 1365 759 886 1571 1861 1396 1155 2095 1249 1288 1787 1505 1741 1032 1854 1510 1341 1305 1143 2180 1445 1227 1522 1619 1206 1478 1724 2042 1324 2282
1366 1131 1788 1417 1099 1298 1544 1431 2318 1847 1802 1502 1562 1797 791 1446 2165 990 1998 1500 770 1652 1178 1664 1644 885 1412 620 2057 1125 1513 2445 2187 1479 1337 1459 1845 1445 1730 851 2351 1490 1189 1812 1701 1986 1085 1187 2115 1836 1956 1475 737 1002 2309 1817 1370 430 1293 1622 2232 1376 1403 1990 2337 1835 1610 1544 1802 1205 1550 1441 1365 1442 1422 1456 1105 1473 510 1428 1866 1285 1749 1777 2177 1612 1999 1490 1405 2088 1497 1624 993 1148 1686 2376 2453 2294 1491 2417 1270 957 1363 2069 2462 1407 1763 1269 1674 1304 1654 1522 1551 2032 1150 949 1311 1030 1133 2305 1100 1094 2051 1425 2309 1176 1885 1478 994 1436 1479 1018 1424 1117 1962 2248 1979 1336 1470 1770 1163 2008 1360 1808 1469 1481 1498 2216 1594 1417 1313 1067 731 2463 1301 1423 1873 1587 1547 2034 1446 2027 2398 624 2102 1857 2397 1276 1849 1584 1243 1197 1967 1979 896 1027 1132 1130 1933 2263 1419 2190 1208 1474 1489 2511 1554 1363 1503 1881 985 1557 1605 1538 910 2118 1170 1396 1188 2017 1456 1955 2533 735 735 1142 2021 567 1456 1310 1660 1656 1133 1418 903 1865 1569 1101 1200 1385 1522 964 1900 1042 1376 1389 1629 1718 1137 1213 1591 1610 1833 1074 1124 2331 360 1426 1662 1397 1555 1443 1806 595 957 1442 1533 1909 2192 1848 1661 1826 2100 2405 1460 1340 1463 1412 1172 1284 1914 2253 933 2121 1780 1071 1773 1551 1524 2254 1077 739 1863 2096 1552 1436 726 1699 1370 1644 857 1760 1129 2471 1741 1349 2306 590 2416 672 1676 2621 1420 1997 1856 1126 874 1396 2603 695 1514 2496 2409 1553 2376 1744 1105 1190 1423 2106 1558 1175 1796 1944 1868 1709 2076 1442 1205 1094 2533 711
323 1491 724 387 866 487 499 376 1257 1064 766 563 496 1359 1194 855 1149 1249 938 793 1401 1293 848 1501 1331 1050 748 1548 1108 681 1243 1421 1292 470 950 971 1074 399 1035 970 1294 425 968 755 722 964 1352 1228 1072 774 954 677 1049 836 1264 894 424 1380 577 629 1168 489 596 942 1401 1493 961 477 786 662 570 395 455 390 1360 903 694 561 1513 1431 963 696 691 736 1191 1322 1100 931 428 1527 470 1119 1348 1364 1126 1397 1414 1240 1192 1356 1236 943 435 1397 1490 530 752 1127 898 481 611 530 628 1016 1517 1133 761 767 1065 1320 777 1333 1018 406 1291 624 1011 723 1430 370 480 976 388 682 1452 1395 934 608 860 705 641 1429 536 904 1353 466 820 1528 529 394 1291 750 1054 1556 885 988 1223 533 898 1304 712 1075 1343 1168 1041 820 1331 761 851 652 561 602 1300 1481 897 1374 960 741 960 1497 419 1172 639 478 458 1466 497 433 445 820 1314 511 645 714 901 1534 1125 396 809 953 1422 1479 1513 1083 1068 1470 1086 1234 457 492 606 592 1092 1083 1227 840 1504 691 965 411 460 940 915 838 993 417 903 868 1001 591 525 589 1089 1206 700 1338 1426 360 1028 569 751 401 923 1291 862 408 1197 952 1221 1095 827 763 1038 1361 606 532 1370 415 643 550 876 1194 919 1254 1489 794 727 591 1185 1374 1335 1366 836 1495 562 386 1090 1543 626 824 957 694 1021 1405 742 439 1256 1198 1469 1124 1222 1556 399 958 818 692 1072 425 1547 1141 451 1468 1558 718 1513 685 879 633 363 1116 762 1223 893 932 1004 1484 1056 1121 756 1074 1509 1491
992 2035 1138 1055 1439 1044 1106 1043 1346 578 1260 1220 1040 2027 1642 1522 1575 1779 1118 1462 1830 1960 1455 940 1996 1137 1414 1649 1630 1202 1901 1320 932 1125 1599 1636 1707 1062 1690 1196 1571 1039 838 1193 1310 978 1902 978 1118 1176 917 1345 1343 1331 1265 1481 1003 1595 904 1235 1314 920 806 1340 1892 2162 1627 1026 890 926 850 1059 1106 1001 1994 569 1195 1226 1675 1005 717 1336 1153 946 1655 1986 787 1599 1094 870 939 1787 1869 1932 467 1182 1738 1293 694 1432 919 1070 995 781 1248 1197 871 1750 531 1048 935 1173 1277 1472 2062 1652 1410 1231 1655 1131 1332 1137 1046 1074 1192 1161 689 1391 1940 1031 1136 1520 1056 1191 2114 1953 1038 1262 571 1123 1022 2083 1194 699 887 1119 581 2150 1061 996 1911 1047 1368 2056 1529 1649 583 1102 501 732 688 871 1622 1417 1351 1290 1471 783 1379 771 997 1021 1943 2143 1203 1903 892 1306 1490 2092 1087 1101 945 916 1104 1431 1082 1072 1065 1071 1835 951 799 677 1336 883 919 1052 1418 1168 2057 810 1867 1297 1309 2021 1627 1458 933 1106 1132 1082 933 667 1192 1332 2149 1078 827 1062 1058 1063 1441 1007 660 990 1563 1499 895 1154 1029 892 1728 1050 1239 1165 1662 1028 360 833 1412 1065 669 1644 1324 1073 1859 814 1018 1731 1470 1055 1342 1678 1273 1182 2011 976 1198 945 984 1475 1109 854 866 1332 1212 824 660 982 1885 1787 1324 2141 1195 1052 1307 2202 1288 1473 1197 1058 1611 1551 846 1061 1284 1454 1940 1455 588 1637 1068 1032 963 1014 1151 1089 1785 1518 999 1813 2102 1377 2053 1000 1456 981 1030 1589 629 1815 1494 1414 1607 894 1495 673 1368 1650 1856 1531
533 1602 841 593 984 572 686 586 1297 909 923 772 641 1563 1250 1052 1300 1349 984 998 1453 1489 990 1292 1524 944 943 1475 1288 755 1427 1408 1192 677 1125 1164 1282 608 1244 910 1400 604 789 887 914 949 1465 1048 1083 892 918 884 1025 903 1275 1090 532 1341 467 824 1222 448 387 1073 1576 1693 1168 621 767 553 520 604 635 549 1525 694 755 770 1460 1232 856 863 826 754 1355 1513 996 1129 629 1341 524 1321 1445 1487 926 1347 1539 1267 983 1397 1045 839 523 1227 1436 731 727 1283 728 575 645 735 837 1172 1629 1225 936 810 1198 1273 880 1169 1016 614 1271 705 890 929 1522 575 688 1079 596 747 1660 1589 949 789 652 821 608 1639 722 794 1148 673 616 1736 676 535 1445 690 1040 1736 1056 1175 1042 702 697 1144 507 1001 1451 1132 1145 971 1392 574 1026 548 547 587 1510 1689 865 1475 794 850 1139 1700 625 1152 549 491 662 1476 670 600 632 877 1410 576 568 541 937 1351 946 585 952 1014 1587 1281 1649 1028 1022 1584 1272 1193 493 633 762 726 921 876 1097 1001 1677 674 784 593 635 833 1092 733 786 521 1112 1075 832 690 651 591 1298 1044 788 1298 1397 569 833 360 960 610 802 1306 911 618 1386 879 1163 1304 1036 829 1140 1482 813 709 1540 514 739 492 883 1297 837 1140 1280 886 877 515 976 1269 1447 1414 995 1705 765 596 1036 1728 817 1034 901 781 1153 1471 705 588 1276 1167 1640 1122 1015 1607 606 965 827 633 965 622 1647 1161 582 1601 1750 927 1703 744 1000 572 570 1281 583 1359 1093 1094 1206 1274 1208 913 900 1198 1643 1397
667 1345 809 727 826 796 672 734 1335 1416 724 551 744 980 1200 549 998 1154 1066 450 1387 939 756 1889 984 1326 509 1739 864 831 926 1571 1575 647 707 654 701 713 644 1202 1235 732 1328 788 580 1175 1215 1580 1227 827 1194 451 1217 915 1390 626 794 1528 945 578 1233 876 987 893 1142 1123 577 752 1043 1005 927 717 699 774 1091 1294 855 549 1675 1804 1279 630 758 968 991 983 1400 594 693 1899 833 750 1248 1202 1513 1606 1296 1342 1580 1420 1600 1230 806 1754 1699 599 1025 909 1268 789 886 600 499 876 1367 1076 610 917 925 1530 816 1662 1201 706 1464 805 1334 436 1332 746 636 934 723 845 1062 1075 1110 604 1252 804 937 1038 629 1228 1734 653 1210 1151 734 785 1058 1030 1206 1275 681 691 1594 691 1287 1652 1103 1343 1273 1334 1028 765 1360 1136 701 1010 885 903 914 1091 1106 1260 1307 789 753 1141 695 1358 976 856 668 1575 699 732 707 965 1218 829 991 1095 1010 1902 1478 736 734 1050 1149 1862 1356 1290 1263 1318 826 1402 840 733 703 748 1439 1470 1518 746 1204 950 1327 731 716 1229 732 1141 1378 800 512 525 1350 775 765 905 709 1538 815 1538 1555 751 1412 960 360 711 1255 1360 964 702 867 1233 1455 718 468 919 1032 1258 511 651 1088 806 786 907 1078 1155 1185 1555 1880 844 732 952 1575 1657 1201 1366 749 1106 584 725 1294 1212 562 454 1184 852 892 1415 1030 749 1369 1353 1221 1245 1612 1584 713 1140 1032 990 1346 702 1472 1223 774 1326 1242 396 1202 890 827 954 749 925 1143 1047 602 796 678 1874 920 1509 710 953 1359 1717
321 1479 705 388 857 510 467 384 1248 1093 736 522 483 1322 1196 822 1118 1241 931 756 1402 1259 833 1542 1298 1081 715 1572 1070 688 1212 1421 1310 428 923 939 1033 363 994 996 1271 413 1008 731 684 968 1340 1267 1070 753 963 640 1068 840 1260 854 460 1399 616 590 1156 530 637 916 1364 1457 923 469 794 698 596 366 446 423 1335 944 703 521 1534 1472 985 675 667 739 1156 1290 1119 896 407 1562 495 1082 1341 1350 1164 1405 1387 1233 1233 1346 1276 975 472 1428 1498 498 762 1105 930 503 617 489 587 984 1505 1127 736 778 1050 1327 774 1370 1019 380 1293 632 1034 686 1423 395 438 970 380 691 1413 1355 933 585 900 687 669 1389 512 927 1394 425 859 1487 512 435 1270 778 1071 1518 860 958 1257 505 937 1333 752 1090 1320 1187 1019 790 1317 802 816 680 592 630 1259 1442 918 1365 998 737 924 1456 392 1176 674 510 419 1461 471 440 419 812 1306 522 670 749 910 1567 1164 409 794 942 1397 1516 1483 1107 1090 1457 1048 1255 491 496 579 573 1131 1124 1261 808 1476 715 1005 418 439 972 879 871 1034 457 863 827 1040 597 515 604 1048 1244 703 1344 1443 401 1065 610 711 360 948 1300 870 368 1165 967 1231 1054 786 755 1018 1335 568 513 1344 456 646 587 878 1172 948 1275 1529 792 699 619 1226 1392 1323 1369 804 1454 521 374 1113 1512 597 783 982 683 1006 1389 755 454 1250 1216 1433 1138 1261 1543 383 958 820 723 1103 412 1524 1151 456 1440 1519 677 1474 682 869 666 400 1082 797 1207 853 899 963 1524 1025 1163 742 1061 1480 1519
883 2038 890 950 1414 995 945 934 1039 533 1020 1073 873 1874 1692 1402 1291 1788 817 1323 1895 1831 1408 1247 1873 1304 1298 1841 1371 1194 1796 1043 750 988 1512 1520 1503 944 1511 1315 1265 904 1042 943 1104 669 1900 1242 809 918 608 1209 1448 1345 965 1259 929 1744 907 1048 1005 866 785 1063 1615 2018 1471 868 613 975 712 943 1017 893 1923 769 1195 1088 1847 1308 422 1260 919 685 1378 1868 555 1471 990 1030 813 1644 1885 1918 763 937 1434 988 998 1127 1197 1214 927 865 1019 1085 609 1690 521 995 729 1019 1115 1200 2065 1665 1324 1253 1623 872 1314 1396 737 964 909 1141 448 1256 1963 921 999 1515 948 1187 1936 1698 733 1171 731 879 1048 1891 1099 394 1192 982 683 1926 880 901 1855 1116 1467 1779 1448 1543 739 923 672 758 719 591 1315 1544 1055 1038 1162 892 1139 634 990 1029 1741 1966 1291 1914 1082 1281 1241 1851 978 805 981 807 964 1143 917 989 922 788 1850 793 638 631 1379 1024 1164 957 1368 868 1985 1037 1565 1430 1432 2019 1376 1598 831 1040 927 876 1164 947 1406 1082 2064 1114 1032 971 908 1207 1195 1123 906 910 1397 1304 1101 1120 850 712 1529 1292 1225 903 1806 923 669 802 1255 948 360 1739 1354 956 1746 506 756 1529 1288 787 1045 1374 1141 1095 1932 887 1172 935 684 1171 1233 698 1158 1323 975 693 966 826 1882 1855 1074 1939 1031 939 1440 2094 1185 1295 1311 813 1578 1243 594 985 981 1581 1657 1551 889 1335 960 725 675 1064 1322 989 1476 1598 857 1510 1837 1218 1788 756 1429 1010 926 1317 607 1783 1279 1155 1387 1196 1217 964 1315 1627 1553 1739
1227 926 1642 1277 894 1167 1394 1293 2188 1806 1638 1333 1424 1563 556 1234 1986 758 1870 1297 583 1417 970 1748 1409 908 1213 849 1864 972 1278 2342 2128 1326 1114 1237 1632 1303 1513 809 2190 1351 1199 1659 1525 1880 861 1267 2000 1686 1858 1287 661 827 2193 1626 1243 613 1198 1454 2097 1267 1317 1828 2136 1599 1394 1407 1696 1123 1445 1300 1217 1312 1189 1435 957 1303 744 1529 1796 1096 1598 1660 1990 1377 1934 1272 1258 2109 1377 1396 772 923 1686 2292 2280 2171 1531 2287 1344 941 1238 2063 2382 1241 1657 1035 1625 1172 1534 1361 1374 1856 947 715 1110 883 901 2218 916 1210 1941 1281 2208 1028 1823 1284 789 1300 1324 799 1284 969 1729 2036 1862 1159 1438 1625 1058 1777 1195 1735 1547 1328 1454 1989 1452 1288 1079 982 636 2255 1085 1198 1864 1438 1515 2014 1383 1947 2235 613 1947 1693 2257 1229 1672 1493 1130 1085 1742 1745 809 809 1139 951 1747 2042 1273 2088 1119 1359 1339 2395 1408 1222 1359 1751 759 1434 1509 1467 750 2134 1224 1257 986 1883 1224 1988 2352 725 703 932 1826 615 1338 1164 1508 1512 1180 1441 1001 1695 1339 992 1209 1244 1380 948 1719 997 1382 1263 1419 1520 1157 1063 1455 1497 1618 1157 961 2241 595 1291 1644 1306 1360 1300 1739 360 791 1298 1299 1825 2109 1633 1463 1695 1947 2235 1282 1178 1229 1288 1016 1179 1800 2096 896 2068 1844 890 1615 1450 1558 2201 851 540 1694 1865 1387 1296 716 1467 1189 1445 807 1624 901 2327 1639 1211 2186 582 2217 549 1698 2484 1277 1883 1741 1035 906 1250 2440 509 1382 2318 2195 1363 2163 1616 897 1093 1288 1921 1495 940 1602 1769 1666 1782 1900 1471 1011 862 2353 914
797 1071 1210 847 560 743 963 863 1758 1449 1210 907 993 1335 699 884 1568 815 1440 919 905 1210 632 1590 1223 806 829 1136 1463 541 1095 1921 1743 894 825 934 1276 873 1172 654 1762 921 974 1228 1104 1461 940 1157 1575 1255 1444 880 617 410 1767 1222 819 925 807 1028 1666 856 929 1400 1746 1419 1055 978 1278 759 1032 870 786 885 1106 1126 529 878 1071 1423 1407 693 1167 1236 1580 1198 1547 946 826 1825 955 1117 905 976 1390 1884 1857 1742 1313 1856 1211 750 816 1743 1976 813 1241 870 1265 747 1110 932 954 1436 1098 688 733 461 737 1808 510 1180 1519 850 1789 598 1441 888 977 871 892 576 854 540 1483 1672 1437 739 1113 1193 669 1505 767 1345 1397 897 1111 1685 1021 863 1003 642 603 1878 765 911 1547 1007 1184 1675 1019 1546 1807 731 1517 1265 1825 904 1252 1091 724 684 1432 1506 561 938 924 535 1336 1710 841 1670 744 941 907 1969 977 792 928 1321 871 1009 1101 1087 406 1843 1074 828 624 1452 1164 1729 1936 705 673 1057 1427 799 919 733 1077 1081 1026 1204 991 1270 1273 607 980 815 949 753 1303 725 1123 840 1056 1129 960 632 1025 1077 1269 1075 530 1829 957 862 1324 911 964 870 1354 791 360 867 1085 1422 1703 1283 1072 1265 1517 1811 863 748 1136 866 584 779 1377 1666 688 1691 1643 481 1185 1042 1328 1820 923 868 1268 1590 959 866 706 1366 774 1056 636 1194 700 1896 1225 782 1759 749 1824 644 1437 2052 847 1460 1318 670 821 819 2012 642 954 1900 1837 959 1799 1188 575 710 859 1509 1124 881 1203 1348 1281 1603 1480 1241 622 717 1936 1125
327 1473 706 391 851 512 465 392 1251 1102 734 514 487 1313 1192 813 1116 1235 934 748 1398 1250 827 1550 1289 1084 706 1573 1066 686 1204 1426 1318 422 915 930 1025 371 986 997 1271 418 1014 731 679 974 1334 1273 1075 753 969 631 1068 836 1264 848 465 1398 622 585 1159 537 645 915 1359 1449 914 473 801 703 605 374 442 432 1327 952 701 513 1534 1479 993 668 667 744 1153 1281 1127 888 402 1570 503 1074 1335 1344 1173 1411 1386 1236 1241 1349 1282 978 478 1437 1504 489 769 1097 939 504 623 483 580 982 1499 1122 728 776 1044 1333 769 1375 1024 377 1298 630 1042 678 1418 403 431 964 385 689 1404 1349 938 577 909 688 672 1381 505 935 1401 418 867 1479 514 443 1262 781 1070 1513 852 949 1266 505 945 1341 760 1096 1319 1187 1020 788 1319 808 812 689 595 632 1251 1433 919 1359 1004 732 919 1449 386 1181 678 519 414 1465 472 439 421 815 1300 529 678 758 908 1576 1170 412 787 944 1389 1524 1481 1107 1090 1451 1043 1255 500 494 579 574 1137 1132 1264 806 1468 717 1011 419 441 975 875 875 1042 463 855 820 1046 594 519 611 1040 1249 700 1350 1442 408 1073 618 702 368 956 1298 867 360 1156 974 1237 1046 778 759 1018 1334 559 507 1336 464 643 592 883 1172 951 1283 1537 788 697 627 1234 1399 1317 1365 802 1446 515 382 1114 1504 589 775 983 686 999 1391 762 454 1254 1216 1429 1136 1269 1546 383 963 825 725 1106 408 1524 1149 463 1438 1513 669 1468 686 863 669 408 1078 806 1200 846 896 957 1532 1023 1170 735 1054 1478 1521
1114 1001 1314 1169 885 1179 1162 1183 1814 1898 1217 1033 1234 624 1103 704 1382 936 1567 786 1212 484 823 2261 501 1531 809 1774 1191 1079 426 2066 2080 1118 635 586 859 1168 739 1380 1653 1203 1652 1288 1075 1682 914 1868 1729 1327 1701 897 1316 1041 1883 1029 1215 1537 1331 1086 1712 1298 1413 1357 1376 694 682 1237 1548 1351 1400 1170 1113 1226 626 1706 1097 1017 1679 2125 1776 888 1264 1474 1332 486 1901 636 1129 2364 1300 530 991 869 1952 2111 1664 1829 1960 1891 1912 1466 1223 2233 2203 1027 1527 625 1735 1175 1384 1088 1000 1293 1014 944 813 1113 761 2035 970 1904 1707 1152 1965 1095 1829 851 1056 1196 1106 904 1169 1094 789 1212 1616 957 1672 1311 1256 844 1025 1721 2081 1124 1642 1072 1231 1226 659 1305 1290 1446 706 570 2060 1190 1723 2137 1533 1849 1680 1402 1491 1247 1818 1507 1157 1485 1245 1238 848 806 1285 981 1612 976 1154 1156 1138 1863 1324 1315 1141 2057 1190 1147 1183 1471 975 1313 1472 1550 1117 2371 1777 1169 847 1546 671 2307 1682 1418 1382 971 1146 1458 1294 1114 1210 1253 1731 1847 1717 1217 701 1232 1655 1158 1197 1468 1158 1415 1756 1229 764 910 1653 1088 1260 1393 827 1795 1042 2042 1533 1197 1859 1386 867 1165 1746 1299 1085 1156 360 1737 1962 843 886 1426 1498 1643 964 1037 607 1245 1059 1288 1586 1593 1406 2058 2283 988 1233 1424 1965 2163 908 1213 1222 932 1081 1176 1416 708 931 869 1362 1359 774 1861 1529 1158 1859 1404 1456 1280 2034 2031 1157 1646 1540 1295 1547 1133 1859 1216 1250 1669 1346 902 1327 1397 870 1290 1194 1289 1598 749 994 1235 973 2260 1330 1886 883 799 1691 1804
908 2083 822 976 1457 1046 938 959 892 647 951 1066 869 1841 1762 1397 1177 1838 690 1310 1967 1812 1440 1389 1858 1421 1299 1960 1278 1251 1792 910 705 993 1521 1514 1446 963 1470 1418 1128 917 1174 869 1056 528 1944 1384 663 838 465 1202 1542 1406 820 1195 973 1850 986 1017 861 925 868 958 1504 1990 1445 870 550 1066 751 963 1047 922 1933 909 1256 1087 1959 1455 461 1282 861 627 1269 1856 528 1461 1013 1122 842 1622 1937 1956 905 828 1298 841 1145 980 1341 1326 973 942 917 1097 570 1710 666 1044 717 1011 1097 1099 2109 1718 1340 1320 1657 756 1363 1537 592 986 774 1195 511 1247 2018 947 1003 1564 973 1247 1889 1603 602 1191 867 816 1126 1836 1119 482 1339 987 815 1850 866 936 1874 1207 1558 1666 1463 1542 854 907 814 827 829 484 1177 1645 932 958 1016 1006 1064 692 1058 1102 1682 1918 1382 1964 1210 1328 1158 1765 999 664 1067 847 970 1002 910 1023 929 691 1902 804 680 733 1452 1110 1302 988 1401 743 1995 1152 1431 1535 1533 2062 1287 1702 870 1080 892 845 1300 1092 1535 1002 2066 1193 1164 1002 911 1319 1114 1229 1048 952 1366 1258 1232 1169 840 723 1475 1429 1278 783 1909 952 814 879 1233 967 506 1825 1422 974 1737 360 644 1473 1250 707 921 1238 1139 1121 1939 927 1223 1007 569 1037 1338 682 1293 1376 912 740 1113 787 1926 1929 995 1878 1016 962 1544 2085 1198 1260 1411 754 1612 1097 572 1024 834 1681 1540 1640 1030 1189 984 588 582 1151 1440 1015 1332 1680 871 1375 1735 1197 1685 706 1470 1091 955 1213 724 1814 1219 1064 1321 1337 1110 1110 1348 1666 1418 1864
1175 2351 1010 1244 1727 1323 1184 1226 778 804 1123 1307 1121 2035 2042 1631 1231 2111 780 1539 2248 2025 1704 1549 2073 1698 1541 2236 1380 1529 2021 662 553 1246 1768 1746 1612 1227 1659 1701 1089 1179 1438 1044 1253 640 2212 1627 640 1006 628 1438 1826 1686 660 1360 1249 2132 1270 1236 806 1207 1152 1060 1550 2187 1654 1127 796 1350 1030 1228 1314 1193 2176 1161 1536 1332 2239 1658 693 1542 1059 859 1331 2076 591 1688 1278 1146 1115 1832 2210 2221 1084 544 1259 717 1351 833 1575 1605 1250 954 633 1353 829 1963 911 1321 973 1253 1326 1193 2376 1993 1594 1602 1921 476 1637 1784 626 1251 546 1473 696 1481 2291 1215 1255 1837 1240 1526 2060 1688 711 1450 1125 1011 1410 1995 1381 747 1538 1241 1080 1972 1111 1210 2125 1491 1842 1703 1714 1778 962 1147 1062 848 1108 525 1129 1928 979 1111 906 1284 1219 975 1341 1385 1837 2089 1667 2235 1479 1601 1289 1867 1264 514 1351 1123 1224 781 1158 1294 1186 854 2175 1070 961 1014 1734 1120 1554 1258 1665 820 2236 1227 1394 1818 1817 2329 1401 1985 1147 1352 1114 1075 1557 1321 1802 1152 2299 1476 1427 1272 1167 1599 1254 1511 1293 1228 1572 1446 1497 1445 1090 992 1644 1684 1555 507 2192 1221 1018 1163 1455 1231 756 2109 1703 1237 1962 644 360 1639 1450 896 967 1204 1382 1385 2178 1203 1498 1290 736 1025 1620 607 1425 1652 1096 1021 1314 613 2195 2211 1146 2025 1251 1228 1827 2304 1451 1463 1695 963 1877 975 840 1296 691 1964 1568 1925 1198 1013 1250 681 785 1435 1717 1281 1234 1964 1134 1339 1797 1420 1749 931 1740 1376 1224 1293 999 2075 1389 1188 1476 1486 1190 1332 1613 1932 1378 2136
1013 1468 1011 1074 1110 1153 988 1078 1404 1700 884 892 1051 780 1451 763 917 1344 1219 728 1610 831 1031 2236 883 1676 819 2055 718 1177 908 1678 1792 986 885 765 387 1056 482 1545 1195 1063 1685 965 786 1370 1361 1938 1373 1000 1407 808 1541 1233 1494 640 1145 1832 1299 855 1306 1224 1330 956 899 931 599 1066 1288 1363 1241 1060 1055 1114 1110 1635 1201 899 1980 2160 1540 959 973 1211 855 902 1641 721 1044 2196 1159 673 1422 1327 1836 1760 1187 1432 1927 1467 1957 1583 1157 2035 1846 956 1282 1035 1574 1146 1167 929 826 856 1483 1303 910 1255 1120 1689 1134 2018 1373 1053 1598 1157 1598 778 1498 1089 975 1194 1069 1192 780 763 1290 957 1590 1017 1295 722 987 1498 2087 990 1543 794 1030 1129 1131 1385 1526 990 908 810 1894 989 1616 1926 1441 1563 1215 1652 1078 888 1384 1490 780 1320 1243 1261 572 810 1447 1421 1665 1115 725 788 1043 1514 1334 1187 1002 1645 1010 1087 1035 1155 1398 1140 1294 1417 1328 2193 1836 1087 1025 1184 1151 2176 1199 1624 1594 1438 674 1719 1176 1091 965 1017 1797 1819 1869 846 1157 1305 1684 1083 1038 1583 750 1498 1728 1148 588 591 1708 1130 1062 1202 376 1895 1154 1688 1848 1095 1731 1304 718 1054 1529 1633 1283 1046 843 1473 1639 360 628 1127 1087 1170 868 1009 1088 1150 1134 1263 1282 1150 1536 1790 2216 1162 921 1267 1920 1871 1351 1599 853 771 901 1068 1626 1105 915 632 1527 1081 1105 1415 1295 1104 1464 1667 980 1550 1943 1582 1061 1320 1252 1348 1696 1054 1384 1513 1097 1187 921 744 889 1134 1103 1312 1094 823 1464 1185 614 823 526 2217 884 1857 1021 1157 1208 2048
744 1417 800 806 929 889 724 810 1289 1455 692 624 791 951 1299 618 909 1240 1044 531 1482 936 856 1968 985 1431 610 1847 762 939 949 1540 1584 718 778 698 607 787 583 1309 1159 796 1421 767 556 1171 1291 1675 1205 806 1198 557 1325 1023 1356 531 878 1636 1032 600 1187 955 1062 835 1035 1100 566 804 1060 1099 981 792 790 846 1130 1368 963 632 1783 1893 1305 738 753 983 893 990 1418 635 776 1946 894 742 1332 1273 1574 1591 1207 1303 1659 1369 1692 1334 889 1793 1682 692 1047 974 1318 882 919 661 558 795 1437 1169 713 1025 1009 1516 923 1762 1189 785 1441 910 1363 543 1414 820 707 1033 801 952 1009 968 1100 710 1323 800 1037 972 728 1258 1819 722 1277 1061 773 861 1112 1132 1315 1166 766 742 1642 731 1352 1687 1174 1352 1194 1442 971 721 1302 1223 635 1061 980 1001 835 1038 1214 1341 1402 897 663 1041 775 1342 1071 921 734 1532 748 820 769 956 1302 880 1038 1154 1118 1945 1573 819 837 1021 1185 1918 1260 1398 1371 1389 722 1511 909 829 721 771 1535 1551 1623 692 1228 1054 1419 816 773 1332 651 1243 1460 880 482 417 1445 879 806 947 622 1638 923 1521 1661 827 1470 1036 468 786 1288 1463 1072 778 886 1250 1450 628 360 916 976 1173 606 751 1122 882 893 996 1077 1086 1291 1571 1950 952 713 1006 1652 1665 1278 1463 696 1032 636 800 1402 1217 669 380 1292 857 980 1352 1056 838 1332 1461 1115 1352 1678 1522 793 1130 1037 1091 1452 786 1389 1329 832 1232 1134 482 1094 904 928 1051 826 830 1202 1119 502 723 570 1949 837 1589 816 1040 1263 1826
707 1849 477 777 1240 889 676 761 853 960 604 785 632 1506 1590 1099 881 1622 535 1004 1797 1490 1203 1627 1538 1410 1014 1933 944 1083 1486 1035 1028 745 1241 1211 1100 752 1131 1356 933 703 1243 522 719 616 1711 1493 682 492 642 909 1449 1235 867 848 816 1777 914 701 765 818 838 645 1196 1656 1119 647 534 1011 671 755 841 744 1645 1051 1097 812 1907 1633 783 1037 523 469 960 1540 874 1153 800 1455 692 1297 1721 1713 1161 1049 1080 837 1340 952 1474 1304 823 1282 1142 848 545 1440 883 884 544 735 794 777 1874 1514 1078 1171 1415 971 1166 1627 645 775 915 1026 842 949 1805 754 751 1356 771 1085 1545 1270 553 947 999 476 1026 1489 885 753 1530 741 940 1505 607 769 1600 1131 1456 1361 1193 1245 1166 633 986 1169 883 797 984 1565 682 613 931 1033 717 694 945 990 1335 1574 1292 1743 1258 1129 815 1425 785 804 997 719 726 1067 655 833 698 416 1687 630 659 804 1305 1447 1396 797 1166 551 1705 1463 1199 1473 1461 1825 948 1630 734 891 584 554 1377 1256 1567 657 1764 1085 1236 810 677 1299 769 1197 1184 797 1037 917 1292 992 600 599 1130 1505 1099 982 1826 763 1055 829 919 755 787 1695 1265 759 1426 707 896 1127 916 360 675 1022 859 896 1645 773 1042 911 520 830 1294 1022 1562 1186 567 684 1318 1109 1695 1764 649 1530 726 758 1480 1768 939 929 1345 434 1373 1008 569 843 856 1597 1244 1527 1283 1154 778 582 485 1071 1432 807 1178 1545 673 1148 1412 885 1363 445 1250 1006 766 895 833 1562 873 727 974 1587 799 1286 1117 1431 1191 1862
975 2016 674 1044 1450 1166 916 1031 678 1207 677 979 902 1504 1820 1220 626 1814 590 1122 2021 1529 1397 1921 1581 1714 1167 2226 779 1339 1563 952 1150 982 1379 1314 1060 1015 1140 1648 619 973 1559 648 815 759 1884 1809 687 625 819 1064 1726 1480 769 831 1099 2057 1217 862 579 1118 1151 501 951 1657 1175 922 814 1314 985 1019 1095 1027 1747 1361 1356 1010 2192 1943 1019 1236 710 775 725 1592 1058 1251 1055 1678 991 1341 1911 1874 1444 1051 765 705 1645 753 1789 1607 1108 1492 1131 1067 840 1581 1172 1159 856 946 953 598 2039 1720 1254 1432 1590 988 1396 1943 722 1035 883 1285 1072 1090 1995 1028 984 1566 1037 1344 1498 1081 679 1156 1311 693 1316 1421 1112 1011 1837 980 1251 1371 868 1053 1727 1424 1729 1111 1349 1356 1415 873 1290 1376 1199 954 670 1845 371 628 688 1348 701 1009 1235 1278 1264 1525 1575 1926 1572 1360 722 1261 1041 820 1298 1021 971 922 906 1098 958 639 1879 930 974 1117 1560 1662 1712 1066 1364 538 1802 1713 888 1762 1746 1990 807 1912 1033 1150 801 806 1693 1566 1877 646 1838 1370 1552 1076 940 1603 703 1500 1497 1083 1094 948 1607 1248 876 913 1096 1820 1346 980 2100 1038 1342 1140 1032 1018 1045 1947 1517 1018 1498 921 967 1087 976 675 360 706 1042 1129 1738 1062 1292 1209 720 517 1592 1175 1842 1421 693 1000 1620 1219 1869 1994 643 1439 922 1025 1769 1813 1135 995 1635 719 1553 747 868 1112 738 1874 981 1793 1569 913 1041 696 739 1365 1736 1064 870 1799 957 835 1193 1009 1144 758 1456 1302 1041 686 1143 1719 865 626 921 1876 586 1594 1323 1614 879 2163
1294 2227 1004 1363 1715 1486 1229 1352 796 1525 964 1263 1229 1577 2091 1431 625 2052 919 1340 2284 1642 1651 2258 1694 2048 1406 2548 813 1640 1709 1061 1398 1289 1591 1501 1150 1333 1263 1972 475 1297 1904 966 1070 1070 2104 2156 954 953 1133 1316 2037 1770 923 1002 1424 2366 1554 1143 760 1453 1494 779 778 1721 1338 1250 1157 1649 1330 1338 1405 1354 1908 1707 1660 1293 2506 2289 1339 1503 1031 1121 676 1713 1352 1440 1367 1971 1327 1474 2144 2084 1777 1222 420 855 1988 791 2136 1941 1434 1780 1278 1358 1185 1783 1510 1478 1201 1243 1221 742 2247 1974 1504 1735 1821 1181 1678 2288 1014 1351 1059 1591 1388 1329 2227 1351 1288 1827 1356 1648 1522 976 1000 1436 1657 1024 1643 1429 1405 1341 2181 1288 1597 1303 1193 1380 1910 1751 2036 896 1577 1547 1729 1190 1634 1666 1545 1243 441 2157 699 908 691 1692 924 1356 1562 1603 1285 1545 1893 2154 1916 1644 869 1164 1354 1051 1631 1359 1283 967 1225 1413 1278 986 2115 1268 1321 1464 1857 1950 2058 1385 1624 870 1954 2024 553 2082 2064 2199 858 2226 1368 1461 1116 1132 2038 1912 2216 901 1968 1691 1898 1393 1261 1936 886 1834 1843 1411 1268 1126 1952 1554 1207 1257 1185 2165 1642 1160 2405 1361 1678 1482 1258 1335 1374 2235 1811 1334 1643 1238 1204 1170 1173 1022 706 360 1313 1425 1890 1392 1592 1541 1053 562 1921 1442 2171 1705 996 1345 1962 1453 2091 2260 902 1418 1213 1345 2088 1913 1406 1193 1957 1060 1790 669 1213 1429 887 2184 762 2094 1902 807 1357 1010 1081 1693 2070 1377 577 2091 1287 497 1022 1246 982 1103 1718 1632 1363 714 1489 1930 1034 827 1030 2210 698 1939 1590 1851 539 2493
522 1352 766 580 768 645 561 590 1321 1294 725 435 631 1113 1141 621 1066 1135 1025 548 1340 1053 715 1739 1094 1188 520 1627 966 707 1016 1533 1484 513 745 739 850 571 794 1073 1272 600 1177 764 603 1106 1216 1430 1181 799 1115 431 1105 819 1359 727 644 1427 793 540 1221 727 840 913 1255 1249 715 633 953 854 798 574 548 632 1155 1147 730 412 1571 1652 1172 554 715 884 1078 1088 1300 691 544 1769 699 874 1234 1215 1372 1545 1357 1319 1430 1413 1449 1089 655 1631 1639 447 928 941 1137 637 782 488 452 934 1376 1038 579 799 919 1467 725 1515 1144 560 1415 671 1224 478 1318 602 502 884 577 719 1207 1210 1053 483 1105 756 790 1187 482 1117 1582 519 1066 1302 633 639 1103 887 1099 1397 693 763 1464 594 1145 1533 958 1256 1315 1224 1040 777 1366 985 750 882 735 754 1065 1236 980 1252 1157 692 834 1287 547 1303 826 718 536 1553 588 581 578 912 1201 708 867 957 909 1773 1328 588 682 1020 1216 1724 1433 1169 1144 1327 934 1293 700 583 636 668 1290 1319 1379 774 1287 809 1176 581 592 1088 800 997 1228 652 660 658 1200 637 658 788 859 1391 699 1480 1460 606 1273 813 511 568 1141 1282 863 559 964 1139 1382 868 606 859 1042 1313 360 505 1160 660 659 755 1010 1182 1048 1457 1733 752 712 822 1426 1566 1200 1313 774 1257 493 581 1173 1313 453 598 1056 786 879 1429 928 598 1342 1247 1331 1147 1468 1594 567 1081 957 844 1209 552 1519 1138 646 1397 1376 484 1334 810 774 804 604 1006 1006 1063 713 847 809 1725 978 1358 641 939 1433 1595
453 1326 827 505 706 511 581 522 1382 1233 822 524 628 1219 1057 704 1188 1090 1070 663 1262 1140 679 1615 1174 1043 596 1494 1104 576 1079 1568 1463 511 781 815 993 517 927 932 1373 565 1038 841 725 1120 1187 1288 1216 869 1116 561 975 710 1403 868 539 1302 666 642 1287 621 736 1012 1396 1345 835 618 948 715 742 517 438 562 1189 1035 596 498 1444 1516 1135 524 782 890 1209 1163 1271 782 467 1688 642 976 1189 1196 1276 1557 1472 1372 1307 1479 1310 944 546 1564 1651 428 916 955 1063 505 771 543 582 1054 1351 978 591 670 896 1480 631 1371 1168 494 1443 531 1183 598 1272 535 507 820 508 585 1326 1355 1080 440 998 812 645 1316 383 1076 1451 515 966 1442 648 555 1119 742 972 1540 714 826 1386 626 1046 1473 856 1243 1419 1095 1129 878 1442 855 873 823 596 611 1201 1354 842 1213 1015 594 966 1432 481 1326 687 648 529 1603 600 471 561 952 1155 676 817 875 792 1696 1187 498 640 1076 1251 1630 1557 1032 1009 1304 1074 1164 625 444 692 703 1147 1195 1233 884 1335 664 1038 485 581 942 928 851 1103 554 793 804 1058 495 661 757 1000 1247 577 1496 1340 532 1182 709 651 513 1095 1178 748 507 1037 1121 1385 1009 751 896 1129 1425 505 360 1200 572 527 625 1028 1278 904 1426 1619 653 797 762 1307 1544 1170 1231 882 1388 571 518 1037 1380 469 742 915 822 852 1511 909 481 1391 1121 1470 1029 1362 1670 496 1107 970 699 1064 466 1624 1030 610 1518 1522 629 1479 828 717 662 529 1136 923 1053 856 966 955 1605 1097 1234 588 907 1556 1456
1289 805 1537 1343 955 1327 1361 1358 2052 2074 1448 1233 1430 779 1039 906 1629 832 1794 1000 1090 642 920 2359 602 1572 999 1718 1438 1184 540 2298 2284 1307 780 794 1105 1348 986 1418 1899 1389 1742 1516 1304 1898 759 1933 1955 1555 1912 1099 1323 1102 2116 1272 1377 1481 1469 1303 1949 1455 1566 1597 1615 752 924 1430 1753 1469 1580 1349 1279 1401 401 1840 1198 1212 1613 2199 1968 1038 1486 1682 1578 571 2099 854 1302 2521 1479 776 851 700 2097 2333 1911 2065 2070 2131 1986 1525 1383 2404 2426 1207 1728 629 1903 1324 1582 1288 1211 1539 810 894 969 1191 760 2257 1059 1944 1929 1328 2192 1215 2018 1056 894 1372 1297 923 1344 1199 940 1441 1837 1122 1812 1532 1370 1021 1194 1910 2170 1313 1791 1260 1433 1396 510 1395 1293 1674 846 759 2222 1393 1871 2314 1683 2056 1927 1387 1732 1482 2061 1628 1397 1663 1377 1360 1065 946 1334 828 1695 1077 1399 1364 1314 2086 1444 1489 1331 2294 1388 1311 1372 1693 848 1501 1654 1714 1155 2532 1850 1338 955 1777 424 2450 1927 1429 1393 776 1393 1432 1466 1268 1423 1463 1802 1958 1743 1455 499 1332 1747 1326 1389 1529 1402 1495 1870 1393 1004 1151 1733 1218 1458 1584 1072 1847 1146 2266 1463 1370 2011 1540 1088 1344 1932 1229 1136 1336 607 1939 2178 1088 1122 1645 1738 1890 1160 1200 360 1413 1178 1427 1802 1838 1463 2255 2399 1068 1460 1602 2080 2366 761 1104 1459 1103 1287 1353 1426 600 1106 1104 1402 1575 795 2106 1727 1318 2093 1379 1693 1260 2167 2276 1332 1867 1753 1399 1584 1305 2106 1183 1436 1915 1564 1120 1550 1607 938 1409 1368 1536 1761 651 1238 1478 1220 2367 1576 1997 1003 786 1936 1771
378 1516 749 439 890 482 544 432 1265 1021 805 618 523 1412 1202 906 1188 1270 945 847 1409 1344 880 1446 1380 1015 797 1524 1155 688 1289 1415 1264 524 993 1020 1129 454 1090 946 1321 462 918 786 772 955 1377 1178 1071 800 940 731 1035 844 1264 945 406 1363 529 679 1179 435 541 974 1447 1545 1015 501 772 620 537 450 493 401 1400 848 696 616 1494 1377 931 735 721 731 1233 1371 1069 982 478 1478 449 1171 1369 1393 1074 1382 1446 1244 1136 1365 1184 908 410 1352 1474 581 736 1164 851 478 605 584 683 1056 1542 1151 803 767 1095 1305 795 1286 1013 460 1283 630 976 777 1450 421 535 996 442 686 1507 1446 933 651 806 730 614 1484 580 870 1298 520 766 1583 559 381 1329 722 1042 1603 926 1036 1175 572 845 1261 658 1052 1370 1151 1065 857 1345 708 896 613 533 577 1356 1536 879 1396 912 760 1007 1551 472 1164 599 441 511 1467 536 462 489 828 1334 506 612 664 901 1485 1075 436 840 964 1463 1427 1548 1061 1048 1496 1135 1217 417 513 642 619 1044 1028 1188 881 1547 671 915 447 498 904 961 802 938 385 958 923 953 602 545 572 1144 1160 712 1325 1412 415 976 514 806 456 887 1288 866 464 1245 927 1203 1150 882 773 1062 1392 660 572 1413 360 655 509 871 1219 889 1222 1434 809 763 554 1130 1344 1360 1373 876 1551 615 441 1068 1590 673 880 933 709 1050 1421 722 458 1258 1183 1514 1116 1167 1568 453 955 813 662 1037 472 1572 1139 465 1503 1609 773 1563 691 904 600 416 1159 712 1255 946 973 1058 1428 1095 1066 788 1101 1544 1461
575 1226 985 625 605 537 738 642 1534 1288 989 691 770 1277 910 770 1355 977 1217 767 1117 1175 618 1561 1201 901 681 1329 1265 408 1088 1704 1555 670 784 858 1121 649 1037 776 1539 699 955 1004 892 1247 1088 1187 1355 1030 1235 695 808 553 1546 1026 609 1135 653 810 1442 665 762 1178 1554 1387 930 755 1066 653 831 647 561 668 1159 1021 431 663 1277 1434 1220 546 942 1019 1374 1184 1360 846 602 1708 743 1038 1075 1108 1280 1677 1640 1520 1262 1632 1222 810 609 1604 1770 595 1031 914 1107 538 894 710 745 1222 1252 855 617 502 819 1600 502 1250 1302 626 1574 397 1261 717 1155 651 668 703 631 420 1404 1501 1218 542 995 968 557 1408 548 1158 1383 672 977 1558 797 649 1073 618 805 1695 713 854 1414 782 1057 1524 872 1347 1585 928 1293 1045 1600 811 1040 900 561 542 1310 1430 682 1103 920 470 1130 1562 617 1456 627 735 682 1748 752 570 704 1099 1040 793 904 920 627 1721 1090 607 583 1228 1221 1632 1724 869 845 1207 1233 997 712 511 852 856 1046 1148 1094 1052 1317 539 958 593 725 810 1094 733 1058 630 908 949 963 413 802 867 1123 1130 417 1620 1172 643 1198 739 786 646 1172 1016 584 643 1059 1223 1498 1134 893 1042 1292 1592 659 527 1178 655 360 614 1160 1443 761 1510 1587 513 962 845 1268 1635 1070 1083 1050 1487 739 644 874 1384 583 880 759 970 774 1671 1018 564 1537 953 1630 862 1349 1828 623 1242 1101 597 921 595 1791 867 735 1685 1668 772 1627 967 621 592 640 1302 963 980 1011 1134 1102 1561 1265 1188 538 818 1723 1296
506 1471 897 560 858 473 689 564 1396 1038 954 735 672 1482 1118 966 1337 1218 1078 928 1322 1397 870 1349 1429 866 860 1381 1298 624 1325 1525 1324 653 1020 1072 1244 587 1189 805 1468 610 785 935 911 1064 1335 1042 1191 948 1039 821 908 771 1385 1080 486 1231 402 818 1315 453 512 1123 1591 1605 1100 651 879 472 627 582 567 549 1409 777 623 724 1356 1257 988 760 871 853 1381 1415 1128 1045 581 1455 579 1240 1313 1359 1029 1473 1595 1371 1042 1496 1055 759 475 1350 1563 667 840 1165 856 480 732 714 803 1205 1498 1092 835 678 1073 1398 752 1143 1128 580 1390 578 1023 861 1390 560 661 948 567 616 1592 1580 1054 699 745 877 481 1580 644 926 1188 650 724 1697 708 523 1326 580 919 1745 949 1078 1160 720 804 1272 618 1130 1518 1020 1212 1006 1482 590 1042 674 415 455 1461 1620 748 1344 771 723 1151 1675 585 1271 450 553 646 1587 684 536 634 964 1278 641 689 671 806 1467 939 542 833 1101 1472 1383 1698 923 913 1454 1276 1083 537 540 791 768 905 929 1039 1029 1565 547 783 542 646 755 1105 653 837 494 1054 1043 813 569 693 686 1254 1017 659 1422 1284 550 945 492 907 587 935 1179 779 592 1288 1007 1290 1263 996 911 1209 1541 755 625 1427 509 614 360 990 1366 743 1272 1356 756 912 631 1042 1401 1317 1283 1025 1651 748 573 930 1624 734 991 794 852 1028 1560 821 518 1382 1053 1659 998 1106 1703 572 1073 932 520 888 571 1719 1033 613 1652 1745 878 1700 826 874 455 549 1306 712 1234 1077 1121 1186 1340 1244 969 784 1071 1693 1314
826 1991 637 895 1374 993 816 878 777 848 759 935 759 1666 1710 1256 970 1758 494 1162 1917 1651 1343 1565 1698 1464 1168 1998 1070 1197 1645 904 869 882 1395 1369 1255 874 1291 1431 949 824 1258 677 880 456 1853 1494 561 642 485 1064 1537 1352 755 1002 917 1860 982 860 714 897 883 749 1296 1817 1279 769 479 1075 724 876 964 852 1801 1027 1207 960 1982 1602 661 1179 684 500 1060 1700 726 1312 925 1331 783 1457 1857 1858 1084 895 1113 744 1297 876 1464 1361 922 1150 989 988 518 1592 817 989 626 882 950 890 2016 1645 1225 1279 1558 817 1292 1638 502 898 775 1139 717 1105 1941 868 890 1488 890 1197 1702 1394 427 1087 978 637 1111 1643 1021 650 1492 877 920 1647 743 873 1753 1207 1548 1459 1343 1402 1057 777 946 1035 892 641 999 1649 730 758 883 1062 866 708 1033 1079 1488 1731 1378 1880 1283 1255 954 1558 910 658 1067 801 861 957 792 949 826 488 1823 727 679 799 1413 1319 1403 912 1305 544 1861 1356 1243 1549 1541 1968 1081 1712 821 1009 738 701 1391 1227 1604 802 1923 1174 1250 926 806 1355 912 1256 1167 897 1198 1077 1312 1107 727 664 1286 1521 1217 831 1914 876 984 883 1078 878 684 1800 1377 883 1586 569 736 1282 1077 520 720 1053 1010 1028 1802 871 1160 990 360 851 1360 869 1482 1310 726 727 1270 950 1836 1883 794 1681 878 878 1557 1929 1084 1090 1421 587 1515 964 544 956 753 1683 1334 1625 1210 1088 899 443 418 1148 1485 930 1174 1651 785 1188 1526 1044 1476 561 1385 1084 879 1004 813 1709 1028 858 1125 1517 902 1252 1254 1572 1231 1916
1130 2140 830 1199 1591 1321 1069 1186 648 1324 818 1124 1058 1570 1963 1340 609 1947 717 1243 2162 1612 1533 2056 1664 1871 1296 2382 805 1490 1659 933 1217 1134 1500 1425 1125 1170 1222 1804 463 1129 1713 801 946 869 2011 1962 761 780 932 1198 1880 1628 768 926 1255 2211 1375 1004 580 1275 1307 629 894 1720 1274 1079 956 1471 1141 1174 1248 1183 1851 1509 1508 1154 2347 2089 1138 1376 864 925 704 1678 1156 1362 1208 1777 1148 1430 2042 1997 1575 1069 622 697 1787 685 1940 1764 1264 1587 1138 1214 986 1699 1308 1314 1012 1094 1092 660 2161 1858 1389 1583 1719 1018 1542 2097 816 1189 901 1437 1187 1219 2126 1183 1135 1706 1192 1496 1542 1059 798 1300 1458 849 1473 1458 1260 1139 1981 1132 1399 1373 1024 1209 1839 1581 1882 1040 1476 1469 1529 1027 1433 1472 1351 1047 514 1999 513 765 594 1503 814 1161 1391 1435 1304 1568 1730 2056 1728 1506 799 1248 1195 871 1455 1178 1124 869 1060 1252 1113 789 2011 1087 1127 1267 1710 1758 1865 1221 1503 669 1902 1825 753 1918 1902 2112 844 2067 1190 1303 954 962 1847 1712 2034 772 1930 1525 1706 1231 1095 1760 797 1657 1645 1239 1197 1049 1762 1401 1033 1068 1162 1975 1496 1003 2253 1194 1475 1297 1155 1172 1171 2096 1666 1172 1593 1037 1025 1150 1086 830 517 562 1182 1278 1838 1219 1443 1366 851 360 1748 1255 1969 1567 841 1155 1760 1277 1996 2136 771 1463 1068 1180 1924 1892 1276 1106 1791 876 1685 627 1014 1266 732 2028 904 1945 1700 797 1195 809 880 1522 1893 1218 713 1949 1114 698 1144 1136 1099 914 1596 1459 1196 698 1290 1842 960 723 991 2008 626 1739 1464 1745 741 2320
868 1349 1279 920 882 799 1055 930 1773 1280 1324 1061 1052 1648 923 1163 1707 1101 1457 1169 1092 1530 944 1274 1546 500 1081 999 1644 720 1420 1880 1615 1003 1137 1235 1523 950 1438 446 1850 984 675 1314 1258 1425 1231 829 1561 1329 1391 1093 594 726 1752 1411 856 871 740 1167 1695 835 839 1501 1937 1741 1328 1030 1244 645 996 945 892 926 1433 900 696 1039 983 1096 1294 942 1249 1229 1741 1523 1426 1234 924 1576 962 1419 1176 1276 1150 1805 1974 1744 1017 1873 885 422 846 1527 1890 970 1205 1198 1104 807 1112 1060 1124 1573 1375 981 1005 657 1063 1734 799 859 1493 935 1743 740 1312 1118 1233 930 1008 900 928 705 1787 1898 1427 941 906 1259 638 1800 927 1235 1077 1003 928 1959 1087 900 1328 529 623 2084 1071 1219 1328 1092 983 1480 873 1455 1900 673 1595 1379 1864 704 1400 1020 718 678 1709 1812 490 1213 617 802 1502 1964 934 1626 656 935 1005 1953 1057 875 1004 1346 1146 1024 1044 966 669 1601 749 899 925 1483 1489 1462 2072 557 562 1341 1616 725 920 839 1165 1148 701 917 693 1397 1600 600 683 892 1020 426 1460 469 850 870 1309 1345 645 771 1075 1062 1524 749 747 1761 933 919 1109 837 1185 948 1233 896 688 951 1406 1338 1620 1536 1291 1294 1592 1921 1048 904 1463 889 761 743 1360 1748 360 1550 1344 778 1286 993 1039 1684 1215 1048 1393 1881 1093 937 566 1694 983 1279 449 1235 1028 1942 1181 857 1753 710 2010 709 1169 2082 928 1443 1304 587 521 913 2102 779 994 2028 2065 1168 2023 1208 898 649 917 1666 985 1200 1400 1486 1498 1294 1614 951 902 1041 2068 932
1213 2376 1139 1281 1751 1333 1256 1264 1024 640 1266 1385 1186 2163 2029 1716 1441 2126 960 1631 2230 2135 1742 1328 2180 1605 1617 2132 1569 1532 2112 886 441 1308 1836 1834 1762 1271 1791 1635 1327 1228 1319 1184 1377 790 2237 1472 855 1150 744 1521 1773 1683 907 1510 1265 2056 1243 1339 1042 1204 1122 1245 1766 2312 1767 1185 873 1306 1045 1271 1349 1224 2248 1036 1534 1404 2149 1464 651 1590 1181 949 1539 2178 516 1782 1320 899 1144 1944 2223 2255 892 714 1498 962 1167 1080 1409 1524 1263 707 763 1409 891 2020 806 1332 1034 1330 1418 1384 2402 2003 1651 1590 1958 686 1652 1631 813 1292 789 1479 609 1567 2301 1251 1318 1853 1278 1526 2207 1888 874 1500 1013 1135 1384 2151 1428 711 1343 1302 982 2153 1186 1234 2185 1446 1794 1924 1775 1860 738 1228 939 603 1044 588 1368 1863 1187 1267 1153 1206 1375 970 1327 1366 1996 2237 1619 2252 1368 1618 1461 2059 1306 753 1314 1141 1284 1015 1229 1322 1243 997 2188 1114 970 964 1715 873 1412 1289 1703 1008 2310 984 1633 1747 1752 2356 1584 1913 1165 1376 1214 1167 1424 1159 1680 1311 2384 1449 1308 1303 1226 1517 1420 1441 1151 1245 1688 1578 1378 1457 1158 1032 1792 1544 1563 721 2121 1254 854 1140 1555 1275 698 2068 1691 1283 2058 682 607 1790 1571 1022 1175 1442 1457 1426 2255 1222 1510 1272 869 1255 1550 360 1194 1662 1229 1027 1128 493 2220 2189 1303 2190 1336 1268 1756 2406 1510 1582 1632 1074 1913 1222 888 1320 938 1900 1791 1879 992 1256 1290 849 897 1397 1621 1319 1481 1930 1180 1578 2008 1519 1959 1028 1766 1345 1257 1492 933 2117 1535 1363 1634 1262 1388 1161 1650 1963 1618 2019
1452 2333 1644 1513 1804 1469 1588 1505 1808 1010 1764 1690 1527 2478 1905 1963 2081 2084 1615 1917 2059 2394 1840 523 2424 1296 1856 1671 2135 1575 2315 1719 1273 1594 2010 2069 2193 1526 2163 1418 2062 1513 1031 1699 1804 1462 2213 953 1591 1683 1399 1804 1562 1667 1710 1978 1449 1710 1314 1723 1792 1365 1252 1847 2398 2602 2088 1511 1395 1293 1339 1522 1551 1466 2375 946 1561 1690 1738 758 1192 1754 1657 1453 2162 2408 1209 2041 1549 774 1417 2235 2160 2255 760 1547 2231 1750 690 1883 870 1285 1439 892 1586 1650 1377 2130 1038 1474 1437 1649 1753 1978 2359 1960 1830 1571 2013 1519 1700 1071 1523 1534 1611 1550 1147 1848 2216 1494 1605 1858 1516 1561 2580 2457 1531 1696 988 1628 1390 2558 1636 1191 676 1589 1033 2643 1553 1455 2279 1366 1595 2563 1938 2073 823 1591 961 959 1137 1315 2110 1591 1852 1796 1937 1135 1882 1268 1397 1405 2426 2609 1469 2197 1087 1683 1994 2592 1545 1543 1320 1389 1576 1845 1567 1516 1541 1576 2129 1440 1299 1162 1639 816 979 1505 1808 1666 2436 617 2363 1480 1506 2324 2131 1607 1401 1536 1629 1580 1024 801 1238 1837 2538 1427 1024 1512 1538 1279 1945 1279 889 1441 2032 1985 1058 1554 1521 1391 2212 1066 1613 1554 1780 1489 866 1280 1880 1529 1158 1844 1643 1537 2283 1293 1425 2216 1950 1562 1842 2171 1733 1619 2399 1434 1587 1356 1482 1969 1344 1194 360 1691 1716 1314 678 1282 2196 2014 1829 2622 1675 1515 1489 2611 1729 1950 1428 1564 1972 2015 1352 1501 1735 1625 2446 1674 639 2076 1526 1521 1466 1359 1298 1541 2261 1753 1479 2308 2608 1847 2559 1506 1822 1354 1490 2096 1118 2164 1988 1920 2102 450 2001 762 1765 1998 2351 1532
723 1075 1121 774 473 690 875 791 1675 1435 1109 803 915 1230 764 764 1458 824 1362 797 970 1111 525 1651 1129 908 707 1257 1346 491 1006 1854 1708 805 719 821 1154 796 1052 761 1660 846 1034 1134 995 1398 938 1240 1503 1163 1387 763 739 431 1693 1105 763 1044 793 924 1581 817 908 1299 1627 1323 934 902 1219 770 984 794 706 820 1044 1145 497 773 1190 1500 1373 573 1075 1169 1466 1107 1512 828 746 1840 896 1005 922 962 1408 1830 1750 1664 1362 1772 1286 837 762 1745 1923 713 1184 799 1252 692 1045 834 844 1327 1102 702 612 485 685 1753 388 1277 1452 772 1725 542 1412 768 1001 801 801 552 779 501 1373 1550 1366 629 1124 1105 671 1391 668 1311 1463 808 1113 1566 939 802 949 687 725 1758 654 802 1552 919 1191 1668 1012 1501 1704 852 1420 1163 1735 927 1143 1052 701 671 1313 1397 662 950 990 420 1222 1589 761 1606 748 889 821 1893 892 720 848 1243 887 945 1057 1067 527 1856 1150 757 509 1369 1104 1756 1824 824 793 1057 1309 920 865 661 985 996 1104 1250 1098 1164 1208 625 1039 743 869 839 1191 790 1163 784 934 1009 1029 566 947 1020 1148 1167 458 1772 1071 794 1332 886 844 792 1323 890 481 788 988 1376 1652 1162 952 1186 1421 1705 752 653 1068 809 513 756 1310 1567 778 1662 1691 360 1087 998 1373 1787 920 938 1163 1475 859 792 826 1289 660 935 742 1113 642 1804 1171 715 1682 870 1706 760 1467 1964 770 1391 1251 692 925 740 1909 746 884 1789 1715 841 1678 1114 490 712 790 1395 1108 843 1085 1239 1161 1658 1371 1288 501 677 1825 1246
658 1699 449 727 1119 849 592 716 971 1149 408 646 601 1300 1487 919 785 1488 694 821 1689 1289 1068 1763 1338 1416 849 1911 782 1009 1294 1199 1235 654 1072 1026 894 697 924 1335 937 663 1306 416 517 818 1565 1565 856 455 849 743 1402 1147 1019 644 791 1732 930 532 870 830 895 577 1063 1451 918 622 728 1023 751 702 769 723 1463 1165 1028 677 1870 1739 981 905 418 652 838 1342 1080 965 731 1646 713 1096 1586 1559 1319 1239 1048 973 1464 1061 1560 1310 801 1479 1330 734 726 1274 1045 842 639 613 628 655 1723 1390 929 1103 1268 1163 1063 1683 835 714 1092 957 1039 776 1670 716 654 1235 719 1016 1338 1101 746 823 1115 457 1007 1283 779 943 1645 653 1059 1310 565 749 1428 1117 1403 1225 1032 1063 1350 554 1119 1368 977 1005 984 1522 692 454 1013 1091 527 810 928 968 1130 1367 1256 1603 1308 1027 638 1241 718 990 1002 746 646 1207 589 776 642 602 1553 662 778 921 1229 1640 1464 748 1035 678 1521 1641 1146 1445 1427 1674 775 1590 749 825 481 511 1437 1368 1591 485 1573 1054 1301 757 627 1306 589 1204 1285 779 835 711 1347 920 586 688 923 1558 1014 1169 1773 727 1212 877 732 699 975 1615 1185 697 1233 912 1096 921 713 567 693 996 712 797 1460 763 962 912 726 841 1286 1229 1716 1087 360 774 1447 1316 1549 1661 479 1327 589 709 1451 1570 803 727 1321 522 1229 1078 743 792 999 1550 1123 1464 1436 1241 721 776 691 1060 1439 741 1189 1468 662 1101 1254 701 1205 579 1125 1000 728 764 961 1406 667 577 772 1731 692 1401 991 1290 1142 1858
552 1709 719 618 1084 667 643 603 1142 834 822 762 575 1572 1381 1080 1181 1462 831 1010 1587 1516 1075 1352 1556 1098 974 1631 1196 871 1472 1255 1071 669 1181 1198 1243 616 1227 1065 1258 582 918 770 850 795 1571 1171 927 767 767 893 1177 1026 1120 1024 597 1496 617 771 1069 545 517 948 1475 1711 1169 562 611 708 385 614 684 561 1591 751 876 771 1616 1327 737 927 717 600 1246 1549 875 1154 659 1307 484 1336 1560 1587 928 1203 1403 1111 1050 1242 1156 994 596 1169 1294 757 572 1357 675 666 505 712 815 1060 1735 1340 992 941 1290 1128 987 1302 861 633 1119 816 781 940 1640 589 680 1188 617 867 1652 1510 794 840 701 700 752 1619 767 676 1231 663 646 1689 599 568 1522 843 1190 1638 1116 1217 1002 638 712 1074 565 864 1309 1286 1006 863 1239 708 936 421 680 725 1479 1681 1016 1587 933 952 1050 1638 648 1000 702 474 646 1321 618 655 605 728 1525 487 419 511 1073 1311 1072 624 1035 863 1654 1272 1519 1183 1177 1689 1186 1347 497 708 675 628 1052 954 1246 899 1735 818 912 638 596 988 1000 889 873 577 1102 1035 967 792 566 449 1264 1180 900 1151 1551 591 824 515 952 619 693 1450 1042 627 1424 740 1021 1267 1006 684 1000 1345 822 762 1602 554 845 631 727 1155 993 1027 1314 998 774 360 1034 1151 1553 1549 892 1677 732 609 1191 1772 856 1009 1056 648 1245 1319 550 652 1120 1320 1534 1269 1037 1452 629 809 671 784 1119 657 1502 1304 538 1469 1666 916 1618 602 1098 721 594 1174 556 1450 1034 989 1148 1323 1092 988 982 1295 1512 1551
1149 2025 1384 1208 1486 1155 1295 1202 1645 870 1496 1388 1239 2165 1602 1649 1838 1773 1404 1607 1767 2077 1522 678 2107 1012 1543 1457 1870 1256 1997 1617 1209 1294 1692 1754 1898 1224 1860 1118 1859 1217 724 1438 1518 1274 1903 734 1416 1428 1213 1496 1266 1350 1566 1694 1141 1453 1000 1433 1609 1059 950 1602 2145 2287 1779 1221 1166 974 1058 1220 1241 1165 2057 645 1242 1386 1505 704 1017 1438 1389 1210 1912 2091 1083 1727 1242 926 1124 1922 1853 1943 595 1471 2022 1593 400 1732 657 984 1130 940 1530 1341 1140 1812 814 1161 1170 1351 1453 1726 2052 1649 1513 1254 1695 1424 1381 887 1343 1229 1491 1231 989 1539 1913 1191 1304 1542 1212 1242 2272 2185 1328 1382 694 1366 1072 2254 1324 994 586 1289 748 2350 1268 1151 1961 1049 1298 2309 1620 1756 771 1303 692 946 840 1171 1910 1310 1629 1534 1768 817 1611 998 1081 1087 2126 2300 1161 1889 783 1364 1724 2308 1240 1401 1001 1094 1277 1730 1276 1207 1245 1342 1821 1156 1031 886 1326 958 715 1198 1489 1451 2117 792 2148 1194 1216 2015 1861 1335 1104 1223 1349 1303 750 484 998 1571 2220 1108 716 1204 1245 978 1675 966 570 1135 1727 1690 761 1237 1237 1118 1914 832 1294 1459 1524 1185 660 976 1575 1226 966 1558 1328 1234 1965 1113 1314 1920 1652 1318 1620 1962 1426 1307 2080 1130 1268 1042 1270 1760 1039 1128 678 1373 1447 1034 360 1246 1885 1722 1565 2321 1379 1212 1203 2292 1416 1650 1126 1307 1654 1849 1112 1191 1584 1345 2199 1380 521 1938 1222 1325 1241 1041 1018 1234 2079 1456 1187 2095 2341 1543 2293 1251 1503 1036 1186 1842 848 1847 1701 1660 1815 658 1753 448 1446 1681 2138 1326
1331 2500 1227 1399 1875 1458 1365 1382 1020 772 1349 1493 1296 2256 2159 1824 1484 2252 1021 1736 2361 2235 1862 1425 2281 1739 1727 2264 1627 1659 2219 829 442 1420 1949 1941 1843 1388 1881 1769 1338 1343 1451 1267 1469 861 2362 1598 891 1231 827 1629 1906 1811 895 1591 1388 2190 1373 1439 1058 1331 1252 1305 1803 2406 1865 1298 975 1438 1167 1388 1469 1344 2361 1169 1661 1514 2283 1576 774 1708 1272 1048 1583 2281 635 1887 1437 942 1263 2042 2349 2377 1012 641 1506 959 1286 1060 1533 1657 1387 762 664 1524 998 2137 940 1457 1144 1438 1522 1441 2527 2129 1767 1719 2079 643 1777 1757 867 1410 763 1605 739 1673 2428 1369 1431 1978 1396 1653 2291 1939 942 1617 1147 1225 1514 2231 1545 836 1456 1414 1116 2218 1294 1355 2301 1578 1927 1956 1890 1969 844 1334 1072 683 1177 673 1376 1997 1230 1343 1143 1339 1452 1095 1456 1496 2074 2321 1752 2378 1501 1743 1530 2116 1424 766 1446 1263 1397 962 1338 1443 1356 1076 2315 1230 1092 1096 1846 909 1541 1409 1823 1065 2423 1053 1640 1881 1886 2480 1646 2047 1287 1498 1314 1269 1555 1286 1812 1386 2493 1580 1440 1423 1338 1651 1492 1575 1281 1368 1784 1667 1510 1582 1268 1148 1875 1673 1689 673 2254 1374 982 1269 1657 1392 826 2201 1820 1399 2163 787 613 1871 1665 1109 1219 1453 1566 1544 2366 1344 1635 1401 950 1277 1684 493 1282 1787 1316 1151 1246 360 2344 2321 1379 2264 1442 1386 1890 2509 1625 1677 1766 1168 2034 1205 999 1442 930 2034 1821 2012 1103 1213 1408 913 988 1529 1755 1438 1465 2062 1296 1585 2050 1621 2002 1126 1889 1476 1377 1543 1066 2238 1618 1430 1711 1355 1440 1285 1770 2086 1623 2151
1260 516 1607 1311 829 1246 1380 1328 2160 1996 1554 1272 1437 1152 684 1019 1826 473 1864 1113 689 1003 852 2129 979 1293 1062 1337 1661 1052 864 2371 2264 1313 859 957 1360 1327 1232 1149 2075 1376 1525 1603 1414 1929 377 1668 2018 1639 1926 1166 1021 913 2199 1448 1315 1104 1352 1377 2060 1376 1469 1732 1890 1151 1129 1428 1758 1318 1537 1326 1240 1364 719 1689 1054 1243 1227 1938 1930 1017 1556 1700 1800 946 2069 1015 1276 2388 1443 1054 449 432 1953 2368 2123 2159 1867 2251 1734 1276 1317 2301 2461 1208 1726 676 1813 1247 1581 1320 1281 1713 542 596 980 1013 641 2290 928 1647 1975 1304 2249 1102 1971 1139 507 1340 1306 728 1315 1061 1320 1745 1885 1109 1674 1596 1223 1388 1175 1868 1931 1318 1668 1620 1452 1350 623 1206 988 1978 880 910 2107 1422 1744 2228 1571 2050 2111 1052 1866 1601 2197 1467 1542 1609 1261 1229 1395 1330 1087 432 1469 961 1581 1704 1291 2133 1300 1441 1334 2393 1404 1263 1370 1749 452 1485 1612 1628 919 2406 1600 1298 890 1860 743 2292 2165 1123 1089 496 1616 1083 1417 1206 1475 1500 1552 1761 1437 1586 854 1166 1532 1284 1390 1281 1568 1279 1683 1335 1187 1325 1500 1122 1469 1564 1335 1568 1019 2306 1077 1335 1885 1447 1201 1323 1882 851 923 1317 908 1926 2195 1351 1278 1695 1869 2091 1200 1170 761 1360 1070 1317 1836 1996 1215 2220 2196 920 1549 1553 1885 2344 360 706 1588 1475 1333 1326 1117 988 1116 1258 1136 1620 681 2255 1717 1262 2183 1035 1971 931 1999 2423 1304 1912 1779 1231 1299 1273 2307 846 1420 2143 1888 1221 1865 1635 815 1264 1332 1743 1669 526 1417 1636 1440 2149 1755 1798 941 623 2171 1405
1299 753 1698 1349 906 1251 1453 1366 2254 1936 1678 1374 1492 1472 534 1215 2003 639 1940 1292 405 1323 969 1923 1306 1078 1217 999 1864 1046 1182 2427 2245 1383 1074 1193 1601 1372 1477 964 2225 1422 1359 1709 1553 1968 712 1443 2079 1739 1952 1304 815 890 2270 1631 1327 777 1308 1492 2159 1363 1429 1867 2122 1488 1361 1478 1786 1244 1540 1370 1283 1391 1062 1579 1036 1343 886 1707 1910 1120 1652 1742 1996 1274 2049 1239 1323 2264 1462 1333 618 775 1836 2392 2301 2242 1697 2350 1519 1099 1324 2208 2484 1288 1749 951 1753 1254 1616 1410 1404 1878 773 656 1116 968 840 2316 960 1390 2025 1349 2296 1103 1941 1292 616 1375 1379 792 1355 1047 1640 2002 1941 1197 1577 1683 1166 1698 1245 1848 1722 1387 1587 1921 1517 1370 958 1107 785 2229 1062 1150 2009 1497 1654 2152 1507 2053 2267 790 1992 1731 2312 1366 1696 1597 1230 1187 1682 1653 944 650 1300 997 1759 1988 1339 2177 1235 1449 1399 2471 1471 1294 1426 1821 615 1516 1609 1585 837 2288 1396 1331 996 1947 1089 2149 2362 894 868 763 1822 796 1427 1235 1563 1574 1350 1602 1181 1727 1200 1101 1369 1317 1446 1105 1736 1141 1538 1347 1400 1517 1321 1135 1524 1585 1583 1334 1026 2338 739 1366 1787 1414 1366 1369 1855 540 868 1365 1213 1929 2211 1599 1463 1764 1994 2260 1313 1231 1104 1373 1083 1283 1883 2136 1048 2189 2014 938 1661 1549 1722 2321 706 360 1727 1786 1432 1367 886 1334 1220 1443 958 1691 854 2379 1733 1287 2260 761 2203 701 1857 2540 1347 1965 1824 1153 1078 1317 2470 629 1458 2332 2156 1375 2127 1691 902 1205 1363 1931 1617 830 1604 1793 1654 1955 1922 1634 1032 802 2365 1082
765 1734 546 833 1181 954 698 824 952 1248 432 721 717 1255 1555 937 673 1536 726 839 1752 1263 1122 1880 1314 1526 886 2011 666 1098 1286 1206 1301 751 1096 1031 825 803 880 1438 858 774 1424 492 535 878 1603 1684 883 517 919 786 1496 1227 1022 574 901 1824 1045 600 850 946 1014 504 943 1408 900 738 822 1136 870 808 867 835 1467 1284 1118 750 1965 1858 1072 967 535 749 719 1322 1159 968 831 1744 831 1071 1632 1591 1431 1271 950 967 1582 1034 1679 1420 912 1572 1359 815 826 1297 1155 946 755 701 682 540 1756 1447 977 1192 1309 1198 1137 1800 879 818 1114 1050 1131 809 1716 826 749 1296 825 1106 1274 989 797 894 1233 561 1114 1211 862 1041 1764 751 1177 1215 681 861 1444 1223 1494 1106 1067 1073 1452 664 1236 1459 1096 1075 901 1616 638 396 971 1209 433 927 1037 1075 1054 1303 1355 1646 1425 1103 527 1137 819 1023 1114 864 748 1195 700 879 751 666 1600 781 894 1038 1314 1736 1582 854 1092 694 1522 1747 1039 1545 1525 1707 663 1685 866 922 595 630 1554 1487 1703 367 1564 1157 1419 861 738 1416 480 1315 1405 890 817 674 1464 1013 704 806 858 1675 1099 1200 1863 836 1324 995 749 804 1074 1694 1268 802 1222 995 1146 853 696 649 643 902 774 882 1459 876 1050 1025 794 771 1393 1303 1829 1163 479 892 1565 1379 1588 1727 360 1247 671 816 1551 1547 867 714 1423 626 1274 1027 846 896 997 1643 1004 1551 1550 1195 825 826 772 1168 1548 841 1105 1548 778 997 1138 726 1089 684 1185 1109 838 645 1077 1436 605 458 692 1847 580 1520 1054 1335 1037 1962
1412 1546 1416 1472 1395 1539 1396 1478 1742 2111 1286 1292 1461 685 1670 1078 1214 1509 1605 1087 1785 831 1318 2636 862 2017 1167 2329 1023 1523 970 2026 2187 1388 1132 1016 797 1457 822 1875 1478 1469 2066 1368 1197 1764 1478 2311 1750 1400 1806 1190 1841 1541 1847 1042 1541 2094 1690 1266 1652 1622 1731 1326 1028 752 917 1475 1695 1744 1651 1461 1444 1517 1141 2038 1546 1295 2240 2545 1948 1301 1381 1619 1123 895 2044 1007 1439 2607 1566 837 1560 1427 2246 2129 1413 1780 2326 1789 2338 1934 1552 2445 2211 1344 1691 1196 1986 1531 1579 1333 1229 1201 1553 1512 1235 1586 1324 2063 1450 2377 1760 1451 1963 1515 2006 1150 1619 1490 1377 1447 1468 1539 526 818 1682 1324 1994 1424 1666 448 1368 1908 2479 1393 1949 527 1440 1529 1214 1745 1820 1016 1185 1044 2305 1400 2024 2335 1846 1962 1483 1941 1429 1283 1695 1881 1175 1731 1625 1636 558 530 1776 1547 2040 1440 1095 663 1441 1890 1715 1594 1406 1973 1419 1478 1441 1553 1547 1550 1705 1826 1630 2604 2211 1483 1326 1564 1152 2587 1373 1936 1902 1517 992 2002 1581 1473 1377 1428 2170 2216 2210 1239 1099 1665 2066 1478 1445 1935 1132 1860 2125 1546 956 1002 2083 1493 1473 1613 773 2257 1494 2058 2096 1495 2141 1705 1106 1454 1939 1865 1590 1446 932 1878 2025 771 1032 1530 1439 1418 1257 1388 1103 1551 1487 1651 1681 1463 1881 2190 2622 1475 1327 1677 2321 2264 1475 1786 1247 360 1308 1469 1936 985 1284 1032 1857 1489 1327 1708 1705 1494 1814 1948 1087 1825 2351 1863 1459 1711 1655 1716 2036 1448 1608 1770 1505 1384 877 1137 882 1543 1383 1689 1494 1126 1873 1321 1021 1196 916 2619 1216 2255 1340 1363 1388 2344
482 1485 634 547 891 657 449 546 1191 1192 611 420 520 1204 1258 742 979 1265 891 654 1460 1160 845 1696 1204 1229 649 1701 913 787 1136 1399 1359 454 876 858 879 522 854 1131 1162 522 1170 637 525 974 1349 1429 1047 670 985 547 1185 920 1226 692 621 1513 778 434 1092 690 790 801 1207 1347 801 530 827 858 706 527 561 576 1284 1094 807 450 1654 1633 1056 679 584 755 1008 1201 1180 805 531 1677 618 973 1364 1348 1299 1412 1261 1187 1388 1284 1438 1125 633 1530 1506 506 805 1074 1046 649 663 393 444 845 1510 1164 713 881 1052 1335 834 1530 1010 527 1281 739 1111 591 1448 554 447 1008 540 795 1279 1193 919 595 1048 622 818 1247 552 1004 1553 457 1001 1331 511 594 1235 924 1183 1359 827 888 1372 468 1076 1428 899 1130 1208 1305 921 666 1241 963 667 789 746 778 1111 1309 1046 1383 1159 798 769 1296 523 1170 832 646 464 1420 475 580 493 779 1331 607 768 879 1004 1679 1326 565 810 888 1345 1644 1348 1236 1215 1461 889 1374 635 615 502 536 1292 1281 1413 673 1411 854 1167 567 497 1122 727 1024 1191 618 730 671 1201 702 541 680 896 1404 789 1347 1552 562 1195 765 584 521 1031 1387 959 515 1081 1016 1251 901 636 726 922 1213 493 571 1287 615 739 748 878 1068 1093 1336 1675 859 589 732 1379 1442 1333 1432 671 1308 360 536 1242 1429 578 637 1116 652 1011 1307 808 598 1210 1332 1278 1240 1402 1469 535 948 826 872 1251 542 1413 1240 556 1308 1357 547 1312 680 899 820 562 933 926 1197 691 757 802 1675 888 1319 764 1070 1346 1657
309 1483 712 379 859 500 478 369 1251 1083 747 536 487 1335 1194 833 1130 1243 934 769 1401 1271 838 1528 1309 1069 726 1563 1084 684 1223 1421 1304 443 932 950 1047 373 1008 986 1280 415 994 740 698 967 1344 1253 1072 760 960 653 1060 837 1262 868 446 1391 602 604 1161 515 622 925 1377 1470 936 471 792 685 587 368 446 411 1343 929 698 535 1526 1457 978 681 676 738 1169 1301 1113 908 411 1550 486 1095 1342 1354 1151 1403 1397 1236 1218 1350 1262 963 458 1418 1496 508 759 1112 919 493 615 504 602 996 1508 1128 744 773 1055 1325 774 1357 1019 384 1293 628 1026 699 1425 381 453 971 372 687 1426 1369 934 592 886 694 658 1403 519 919 1379 439 845 1501 518 420 1277 767 1064 1532 868 968 1245 515 923 1323 738 1085 1328 1179 1027 801 1322 787 829 670 580 619 1274 1456 910 1367 984 737 937 1471 398 1175 661 499 433 1464 480 434 427 815 1308 518 661 737 906 1556 1150 400 798 946 1405 1503 1494 1098 1081 1461 1062 1247 479 492 589 580 1117 1110 1248 820 1485 706 991 411 445 960 892 859 1019 442 877 841 1026 593 518 599 1062 1230 701 1343 1436 386 1052 596 725 374 939 1296 866 382 1176 962 1228 1068 800 758 1025 1345 581 518 1353 441 644 573 878 1180 937 1268 1515 792 709 609 1212 1386 1326 1367 816 1469 536 360 1104 1523 607 798 972 687 1010 1395 751 446 1253 1209 1446 1132 1247 1549 382 959 819 711 1091 413 1532 1147 453 1450 1533 692 1488 683 871 653 386 1094 785 1212 867 911 978 1510 1036 1148 746 1064 1490 1508
1035 1232 1454 1086 902 963 1219 1098 1967 1484 1485 1201 1226 1673 798 1231 1862 1005 1648 1259 931 1541 977 1397 1548 553 1168 819 1779 825 1417 2083 1822 1159 1167 1280 1617 1115 1518 486 2025 1155 847 1485 1402 1626 1132 920 1759 1504 1594 1205 462 756 1951 1540 1030 665 934 1315 1885 1024 1041 1669 2069 1746 1401 1206 1443 843 1192 1111 1044 1102 1391 1098 803 1175 786 1188 1500 1028 1420 1423 1886 1521 1633 1293 1081 1757 1148 1461 1061 1186 1340 2011 2139 1940 1175 2067 994 596 1021 1720 2096 1105 1404 1177 1310 970 1303 1210 1258 1727 1257 901 1077 736 1033 1940 853 890 1693 1097 1947 865 1519 1220 1104 1100 1161 874 1093 814 1825 2008 1623 1054 1109 1435 814 1851 1059 1442 1196 1160 1134 2032 1260 1076 1280 710 493 2207 1111 1254 1523 1259 1186 1679 1080 1661 2073 470 1771 1541 2052 910 1548 1222 895 851 1779 1847 555 1100 787 871 1643 2054 1093 1828 849 1123 1165 2153 1224 1035 1172 1534 1036 1210 1244 1172 666 1784 870 1064 971 1671 1441 1633 2230 369 394 1230 1747 518 1107 988 1333 1322 824 1087 681 1554 1555 758 857 1055 1189 603 1605 676 1032 1046 1398 1459 802 901 1252 1256 1613 815 838 1967 726 1090 1307 1036 1294 1113 1440 716 706 1114 1416 1544 1827 1626 1402 1480 1769 2088 1173 1037 1426 1068 874 930 1557 1924 566 1756 1489 826 1451 1191 1203 1890 1117 886 1551 1936 1242 1104 360 1665 1094 1387 496 1418 1008 2129 1381 1019 1950 507 2145 551 1345 2274 1091 1641 1500 770 552 1071 2277 636 1173 2189 2174 1283 2135 1396 914 835 1088 1813 1192 1142 1525 1640 1612 1429 1770 1116 966 1002 2228 783
1461 998 1654 1516 1177 1518 1511 1530 2131 2246 1550 1382 1583 702 1279 1052 1663 1069 1902 1134 1316 643 1131 2579 592 1807 1157 1956 1463 1396 661 2394 2427 1466 964 934 1128 1516 1033 1653 1940 1551 1964 1625 1412 2024 984 2163 2063 1664 2046 1246 1563 1329 2209 1341 1559 1720 1666 1430 2030 1641 1755 1674 1588 592 1012 1586 1895 1678 1749 1518 1457 1573 639 2041 1412 1365 1850 2427 2124 1225 1605 1820 1597 588 2249 984 1475 2708 1647 835 1077 921 2292 2449 1925 2152 2285 2203 2214 1756 1567 2581 2540 1374 1875 855 2081 1514 1732 1437 1347 1593 996 1135 1151 1414 994 2374 1276 2180 2046 1499 2298 1421 2177 1199 1108 1543 1455 1158 1516 1411 821 1393 1956 1300 2010 1653 1580 918 1370 2070 2393 1472 1983 1152 1580 1572 750 1615 1532 1617 1035 915 2406 1538 2064 2485 1874 2196 1960 1627 1805 1575 2123 1836 1478 1833 1578 1566 1012 815 1566 1050 1919 1289 1456 1278 1485 2200 1651 1661 1490 2375 1539 1491 1532 1811 1078 1661 1820 1895 1388 2716 2077 1515 1163 1878 605 2647 1920 1668 1632 973 1419 1673 1640 1455 1555 1600 2030 2171 1981 1541 500 1547 1968 1503 1546 1759 1469 1719 2082 1574 1095 1232 1958 1419 1608 1742 1092 2080 1358 2379 1699 1543 2202 1728 1212 1512 2094 1467 1366 1504 708 2085 2304 1105 1217 1768 1813 1913 1313 1380 600 1590 1384 1624 1929 1892 1694 2406 2611 1289 1570 1772 2292 2509 988 1334 1547 985 1429 1523 1665 360 1277 1203 1636 1703 1026 2158 1878 1501 2183 1620 1660 1501 2370 2326 1504 1986 1884 1613 1819 1479 2124 1424 1598 1917 1490 1248 1486 1742 1160 1617 1541 1568 1943 892 1307 1546 1261 2583 1626 2211 1206 1023 1932 2011
544 1269 852 599 675 621 627 613 1409 1330 818 518 690 1109 1047 594 1157 1047 1108 557 1246 1032 626 1724 1067 1123 487 1544 1050 629 976 1615 1542 565 686 707 901 601 825 1000 1366 642 1142 854 696 1179 1132 1388 1262 888 1182 471 1021 728 1443 809 645 1339 776 632 1311 729 844 1007 1336 1236 728 687 1017 820 834 602 542 656 1098 1144 653 488 1484 1621 1221 461 803 952 1166 1057 1354 672 558 1792 733 866 1146 1134 1383 1619 1450 1405 1417 1503 1414 1028 654 1664 1712 461 989 872 1164 614 841 564 545 1027 1294 946 502 717 835 1541 633 1463 1221 582 1494 603 1271 497 1230 627 555 791 599 643 1218 1278 1130 401 1107 840 743 1209 454 1164 1559 571 1074 1344 701 655 1036 830 1013 1473 624 722 1489 667 1154 1570 964 1318 1409 1139 1133 870 1457 964 843 917 702 712 1099 1246 904 1165 1116 600 922 1342 568 1380 791 745 588 1639 652 576 628 993 1112 755 908 978 820 1799 1287 597 591 1106 1160 1738 1524 1090 1063 1245 1015 1208 723 553 719 744 1247 1304 1316 868 1238 750 1142 586 646 1028 890 943 1212 658 692 725 1159 574 721 838 904 1341 615 1555 1370 626 1288 817 562 597 1185 1189 774 589 931 1198 1451 915 669 939 1135 1406 453 469 1106 673 583 734 1084 1276 983 1510 1729 660 803 856 1416 1625 1116 1220 867 1284 578 607 1094 1277 360 656 982 864 794 1521 985 589 1428 1161 1413 1058 1471 1685 587 1158 1029 794 1144 562 1613 1046 690 1489 1444 549 1404 883 681 764 624 1095 1026 985 792 940 879 1715 1071 1343 548 853 1525 1517
741 1397 813 803 911 882 726 808 1307 1461 707 621 794 941 1280 598 929 1220 1059 511 1462 922 837 1966 971 1419 592 1832 780 926 932 1557 1595 716 758 679 613 785 578 1296 1179 797 1414 782 569 1184 1271 1668 1221 820 1210 545 1310 1007 1373 551 873 1619 1027 606 1205 952 1060 854 1052 1090 551 806 1069 1092 983 790 783 845 1112 1367 949 627 1766 1888 1313 722 765 992 912 975 1428 616 772 1951 895 728 1312 1253 1576 1606 1227 1320 1657 1388 1686 1323 885 1799 1697 685 1056 954 1322 875 926 661 557 815 1417 1150 694 1011 989 1530 907 1753 1203 781 1456 899 1370 527 1394 818 705 1014 798 939 1004 981 1113 698 1322 813 1028 970 719 1266 1815 721 1277 1066 778 858 1093 1122 1299 1182 746 723 1647 735 1353 1694 1173 1363 1214 1427 989 738 1321 1218 654 1065 973 992 836 1033 1200 1321 1395 881 683 1049 772 1356 1064 922 734 1550 751 815 769 969 1282 883 1042 1156 1102 1951 1566 815 819 1037 1167 1921 1279 1384 1356 1369 740 1495 908 821 729 779 1528 1548 1611 710 1211 1043 1413 811 774 1322 671 1233 1457 877 468 434 1438 868 810 952 624 1629 909 1536 1644 824 1473 1034 454 783 1295 1445 1056 775 869 1260 1463 632 380 929 995 1193 598 742 1104 880 880 991 1090 1106 1279 1582 1950 935 727 1009 1650 1677 1258 1443 714 1032 637 798 1387 1203 656 360 1279 868 960 1371 1064 832 1350 1445 1132 1335 1679 1541 789 1144 1049 1081 1440 782 1409 1311 834 1252 1147 473 1108 913 909 1043 823 850 1204 1099 521 742 585 1948 857 1586 799 1020 1283 1811
902 1266 1321 954 836 831 1088 965 1831 1364 1356 1078 1092 1610 837 1141 1735 1022 1512 1158 1003 1486 905 1353 1499 530 1068 951 1659 713 1371 1949 1696 1031 1099 1203 1516 983 1424 378 1892 1022 762 1352 1278 1491 1152 895 1623 1371 1459 1094 505 681 1816 1423 896 800 798 1190 1749 888 906 1538 1951 1695 1310 1072 1308 708 1056 979 916 968 1370 988 689 1053 922 1165 1371 928 1288 1287 1763 1474 1505 1209 951 1665 1013 1388 1093 1199 1239 1879 2009 1804 1103 1931 958 502 887 1616 1966 983 1268 1141 1187 838 1167 1083 1138 1600 1292 904 984 633 1002 1808 767 904 1557 966 1812 745 1392 1114 1148 967 1033 838 961 699 1755 1900 1487 941 993 1302 678 1773 938 1312 1154 1031 1012 1943 1127 942 1263 574 533 2094 1036 1184 1417 1127 1070 1567 951 1530 1940 593 1637 1411 1917 787 1423 1087 760 716 1691 1779 440 1131 703 777 1521 1956 963 1694 713 987 1035 2017 1092 904 1039 1398 1064 1074 1109 1042 608 1690 824 932 891 1536 1424 1551 2102 488 482 1259 1629 651 971 861 1201 1189 776 1005 716 1426 1537 626 771 923 1057 509 1481 552 939 912 1299 1348 729 780 1118 1120 1515 804 732 1834 857 957 1197 901 1184 982 1311 807 636 983 1362 1411 1695 1527 1292 1345 1635 1957 1056 915 1402 933 759 794 1421 1791 449 1632 1428 742 1321 1056 1126 1766 1136 958 1423 1857 1116 972 496 1636 982 1279 360 1283 970 1993 1246 888 1814 629 2026 619 1258 2138 960 1505 1364 634 545 941 2144 690 1038 2060 2067 1171 2026 1260 851 699 955 1689 1063 1131 1409 1513 1501 1376 1642 1038 877 976 2100 901
637 1774 439 707 1166 821 601 691 924 986 567 711 560 1448 1517 1028 894 1547 608 935 1723 1427 1129 1620 1474 1355 942 1873 931 1012 1418 1110 1086 671 1169 1142 1054 680 1076 1295 979 632 1205 494 662 683 1637 1459 757 480 702 837 1383 1163 941 807 749 1712 859 633 833 760 793 659 1198 1598 1056 577 566 955 631 684 768 678 1574 1032 1026 738 1843 1612 818 962 467 489 964 1474 922 1085 728 1483 633 1234 1647 1639 1165 1120 1117 910 1327 1022 1445 1249 757 1316 1213 774 563 1367 888 816 503 660 723 778 1799 1439 1004 1101 1340 1043 1092 1588 717 703 989 956 877 878 1731 685 677 1282 700 1015 1495 1255 626 872 980 426 964 1444 811 780 1513 666 922 1473 533 703 1528 1070 1389 1362 1119 1175 1188 558 976 1205 853 855 1030 1500 724 592 996 991 686 671 882 927 1292 1525 1228 1668 1215 1055 793 1401 712 877 940 662 652 1141 581 762 625 490 1613 571 636 783 1234 1478 1360 727 1091 618 1634 1481 1231 1411 1398 1750 930 1566 675 820 511 480 1338 1237 1517 633 1695 1021 1198 739 605 1244 745 1142 1160 732 976 863 1251 921 529 559 1082 1464 1027 1054 1760 694 1058 781 852 683 813 1624 1194 686 1359 754 963 1081 857 434 719 1060 786 822 1575 709 970 852 587 876 1235 1074 1564 1113 522 648 1307 1168 1620 1691 626 1489 652 687 1418 1703 864 868 1283 360 1299 1071 581 773 929 1531 1252 1459 1285 1221 706 655 541 1010 1377 735 1228 1475 606 1181 1403 817 1354 418 1176 946 697 895 818 1488 828 716 934 1584 807 1268 1042 1357 1224 1806
944 836 1285 996 531 944 1059 1013 1840 1701 1236 951 1117 1037 709 725 1528 622 1542 810 867 898 532 1926 901 1141 748 1363 1377 768 769 2049 1953 993 580 700 1107 1010 983 987 1767 1058 1309 1283 1099 1609 698 1498 1696 1318 1608 849 906 667 1877 1151 1008 1127 1067 1057 1740 1075 1177 1418 1628 1098 867 1109 1440 1052 1228 1009 925 1050 767 1427 778 922 1272 1763 1622 696 1235 1380 1512 873 1760 744 959 2120 1131 855 717 704 1689 2048 1826 1838 1641 1931 1551 1090 1011 2018 2142 887 1409 531 1521 943 1263 998 961 1409 860 558 660 760 405 1970 638 1514 1654 987 1927 810 1666 825 802 1025 985 493 999 780 1197 1508 1564 788 1404 1274 953 1239 856 1561 1735 998 1390 1448 1132 1038 667 965 879 1734 573 659 1829 1100 1469 1938 1287 1736 1805 988 1550 1285 1880 1209 1232 1303 974 949 1201 1216 900 733 1261 664 1282 1503 973 1812 1029 1131 1014 2072 1083 951 1051 1428 686 1168 1303 1333 722 2134 1414 984 571 1539 825 2038 1879 1010 974 812 1334 1044 1107 897 1153 1178 1366 1530 1318 1273 933 907 1314 970 1070 1094 1264 1061 1445 1027 907 1032 1298 823 1149 1249 1089 1414 731 1986 1129 1021 1611 1153 892 1006 1578 901 700 999 774 1612 1877 1105 980 1373 1553 1790 879 852 795 1050 774 1028 1515 1685 1028 1913 1972 642 1229 1245 1654 2034 681 854 1274 1327 1011 1010 1008 1026 794 960 970 1299 360 1940 1401 952 1861 990 1710 866 1750 2107 988 1591 1459 975 1154 957 2005 804 1103 1852 1663 909 1634 1314 514 993 1018 1450 1377 566 1122 1328 1163 1936 1452 1569 624 420 1883 1389
1345 2401 1045 1415 1837 1532 1293 1400 566 1366 1064 1365 1268 1833 2205 1602 861 2201 847 1505 2407 1879 1784 2122 1931 2055 1553 2581 1063 1716 1927 769 1164 1361 1762 1690 1390 1387 1489 2005 589 1341 1863 1030 1201 937 2270 2098 793 1001 996 1451 2094 1861 675 1193 1461 2424 1562 1249 611 1466 1476 883 1087 1982 1542 1287 1083 1658 1310 1390 1471 1389 2118 1627 1732 1396 2555 2190 1195 1623 1089 1078 945 1946 1167 1627 1430 1761 1340 1698 2298 2258 1640 947 704 624 1881 505 2064 1950 1469 1569 989 1451 1120 1963 1398 1526 1189 1329 1341 928 2423 2108 1641 1807 1976 922 1780 2242 867 1408 802 1661 1231 1476 2382 1395 1364 1953 1407 1720 1797 1278 898 1542 1580 1063 1675 1709 1495 1215 2075 1358 1522 1603 1237 1415 2104 1780 2100 1205 1734 1734 1555 1249 1540 1461 1496 1060 592 2212 749 1015 441 1663 1077 1310 1593 1638 1559 1823 1939 2313 1886 1744 1067 1468 1415 835 1645 1367 1348 661 1280 1469 1330 956 2266 1279 1278 1403 1938 1735 2007 1435 1752 818 2170 1836 822 2122 2109 2374 1104 2278 1382 1525 1179 1176 1996 1822 2204 1029 2197 1732 1855 1447 1310 1945 1064 1843 1767 1443 1464 1316 1916 1625 1239 1241 1427 2126 1726 895 2471 1405 1551 1471 1415 1389 1243 2327 1896 1391 1861 1097 975 1415 1352 1008 747 669 1429 1511 2106 1421 1671 1560 964 627 1942 1222 2015 1804 1078 1319 1849 1205 2255 2379 1027 1708 1307 1395 2129 2158 1521 1371 1993 1071 1940 360 1148 1482 644 2243 1071 2167 1763 530 1413 893 1012 1719 2077 1438 620 2179 1318 774 1332 1394 1291 1093 1843 1655 1407 956 1416 2103 1228 989 1257 2066 893 1843 1709 2001 804 2508
697 1873 660 766 1248 844 727 748 962 766 788 856 657 1645 1564 1188 1090 1631 665 1103 1770 1609 1229 1419 1653 1281 1088 1817 1149 1050 1583 1064 917 781 1309 1305 1269 751 1279 1255 1115 705 1075 714 870 604 1734 1314 740 693 579 992 1368 1206 931 1025 769 1686 808 818 897 732 702 854 1406 1791 1244 658 424 898 554 752 836 713 1721 854 1057 876 1805 1435 609 1070 686 460 1169 1650 732 1253 802 1263 635 1420 1730 1745 951 1019 1273 926 1136 1060 1287 1179 770 1100 1111 884 388 1497 674 841 506 801 891 986 1899 1513 1127 1125 1446 943 1157 1455 672 774 929 993 666 1038 1811 736 791 1357 762 1047 1703 1474 612 978 804 647 943 1657 907 563 1329 775 744 1694 658 729 1662 1034 1380 1570 1250 1332 967 700 781 991 708 694 1167 1477 877 811 1066 877 908 524 868 914 1507 1733 1207 1756 1099 1121 1013 1622 788 810 893 644 757 1131 700 814 716 589 1695 592 497 616 1258 1258 1221 778 1189 707 1783 1260 1397 1373 1367 1852 1150 1538 667 872 695 645 1208 1058 1419 854 1855 1008 1067 793 699 1173 966 1076 991 748 1168 1071 1128 965 630 512 1295 1338 1075 964 1741 742 846 705 1030 755 594 1639 1225 762 1529 572 840 1295 1056 569 868 1213 928 909 1727 722 1018 821 544 1014 1181 888 1352 1171 743 550 1112 999 1717 1733 846 1705 808 751 1381 1878 985 1064 1246 581 1401 1148 360 816 933 1511 1454 1459 1074 1272 773 624 497 975 1302 803 1350 1492 658 1344 1619 993 1570 523 1261 912 745 1104 636 1602 1044 932 1153 1378 1009 1085 1137 1455 1387 1733
377 1419 798 427 793 418 560 442 1336 1117 828 578 573 1337 1114 824 1209 1174 1018 775 1321 1260 782 1502 1295 992 716 1478 1152 601 1200 1500 1362 506 900 936 1085 456 1032 902 1366 500 942 825 764 1042 1280 1198 1152 847 1031 665 974 756 1344 928 418 1305 555 672 1246 500 615 1010 1446 1465 947 556 863 623 635 452 410 464 1305 916 614 565 1440 1415 1029 639 762 815 1244 1284 1167 902 427 1567 541 1094 1273 1295 1155 1474 1480 1319 1194 1435 1214 887 425 1445 1567 510 828 1067 944 410 690 565 646 1075 1445 1056 710 688 997 1397 700 1293 1098 437 1370 544 1074 707 1355 448 511 901 434 602 1440 1426 1014 561 878 780 579 1424 494 969 1344 505 845 1539 604 447 1232 688 978 1598 832 947 1265 600 925 1357 735 1148 1414 1093 1113 883 1409 747 903 711 507 540 1303 1468 824 1300 926 664 1007 1517 436 1251 596 539 507 1546 565 378 513 899 1238 589 710 756 821 1576 1096 406 742 1032 1368 1509 1575 1013 995 1398 1128 1160 515 415 673 666 1060 1082 1175 899 1454 622 941 395 532 884 964 785 990 436 898 885 969 511 603 664 1096 1168 621 1416 1349 439 1061 588 749 454 985 1211 782 454 1158 1024 1296 1104 838 843 1112 1429 598 481 1318 458 564 518 956 1266 857 1320 1501 715 792 652 1191 1442 1262 1287 896 1494 598 446 1019 1501 589 832 888 773 952 1482 816 360 1336 1123 1517 1046 1242 1635 431 1038 897 634 1014 416 1618 1062 531 1532 1592 720 1548 765 807 581 436 1169 803 1157 923 988 1030 1490 1116 1121 689 1003 1572 1426
1202 2335 936 1272 1735 1378 1170 1255 450 1089 1005 1270 1127 1881 2086 1558 971 2114 681 1460 2293 1899 1694 1847 1950 1854 1488 2390 1151 1577 1922 573 883 1240 1711 1661 1438 1247 1512 1824 774 1198 1634 943 1150 694 2199 1855 552 906 744 1381 1929 1731 396 1202 1303 2253 1376 1168 522 1289 1275 870 1266 2034 1537 1141 869 1468 1118 1250 1337 1234 2099 1381 1590 1299 2376 1928 927 1528 986 889 1070 1959 885 1599 1296 1477 1171 1708 2213 2197 1367 698 938 394 1617 509 1815 1752 1308 1285 765 1341 908 1913 1141 1374 1013 1224 1265 975 2359 2009 1562 1663 1902 654 1662 2006 623 1271 532 1520 958 1416 2298 1247 1246 1851 1265 1579 1876 1429 687 1439 1336 947 1503 1799 1380 956 1811 1236 1281 1736 1103 1257 2067 1601 1939 1408 1670 1701 1273 1127 1288 1177 1273 780 808 2042 748 971 574 1447 1065 1097 1424 1470 1641 1904 1770 2233 1664 1625 1099 1616 1281 551 1461 1192 1222 571 1151 1327 1194 799 2180 1112 1070 1176 1797 1451 1770 1291 1658 682 2156 1552 1070 1942 1934 2310 1182 2105 1211 1386 1068 1048 1764 1567 1988 1002 2200 1565 1625 1304 1173 1746 1077 1649 1520 1283 1454 1311 1690 1486 1095 1056 1473 1894 1594 634 2306 1256 1284 1276 1369 1250 981 2186 1759 1254 1859 834 691 1464 1332 856 738 887 1342 1391 2093 1258 1537 1382 753 732 1753 938 1735 1682 999 1120 1584 930 2183 2260 997 1814 1210 1253 1950 2183 1428 1350 1814 929 1861 644 933 1336 360 2076 1272 2014 1488 714 1273 670 810 1541 1875 1302 902 2037 1164 1017 1517 1341 1471 930 1744 1476 1259 1050 1180 2043 1235 1002 1298 1788 957 1585 1610 1921 1054 2306
1139 1132 1561 1190 920 1070 1319 1204 2087 1630 1580 1285 1335 1667 712 1264 1949 928 1768 1307 805 1527 999 1526 1528 693 1217 748 1851 905 1396 2215 1965 1256 1176 1295 1661 1219 1553 625 2127 1262 993 1587 1485 1756 1048 1044 1885 1609 1726 1269 508 798 2078 1611 1141 542 1062 1403 2003 1146 1174 1768 2136 1724 1433 1316 1572 975 1319 1215 1141 1213 1341 1246 884 1257 683 1306 1641 1083 1524 1546 1966 1499 1775 1318 1180 1902 1267 1471 968 1106 1487 2149 2233 2064 1316 2187 1122 743 1134 1868 2236 1189 1532 1150 1454 1076 1424 1301 1337 1815 1156 845 1119 811 1006 2077 898 989 1821 1199 2079 953 1661 1278 998 1208 1256 862 1197 896 1825 2060 1748 1124 1255 1543 933 1861 1142 1582 1325 1257 1279 2055 1367 1188 1230 837 508 2268 1130 1264 1670 1361 1333 1826 1221 1800 2174 397 1876 1636 2168 1054 1633 1355 1012 967 1803 1845 665 1006 933 924 1722 2090 1193 1960 978 1244 1264 2280 1328 1136 1276 1652 947 1327 1375 1312 703 1930 1005 1169 1002 1788 1386 1777 2318 517 508 1134 1816 414 1226 1085 1434 1429 961 1231 779 1645 1501 871 1003 1158 1295 750 1687 819 1179 1159 1442 1519 946 990 1363 1379 1653 934 908 2103 590 1198 1454 1167 1353 1216 1581 582 749 1216 1404 1681 1964 1667 1461 1597 1874 2184 1247 1121 1379 1183 953 1053 1683 2028 710 1900 1625 870 1550 1320 1345 2034 1035 761 1643 1948 1332 1209 507 1620 1161 1445 629 1531 990 2243 1511 1123 2076 360 2214 483 1490 2392 1193 1767 1625 895 688 1170 2379 556 1285 2279 2224 1348 2187 1514 929 959 1195 1894 1333 1089 1592 1727 1671 1561 1859 1260 1009 970 2317 759
1394 2088 1176 1460 1682 1575 1330 1455 1183 1823 1076 1309 1359 1318 2046 1348 725 1958 1210 1279 2217 1418 1607 2511 1467 2147 1364 2597 726 1679 1518 1459 1758 1371 1491 1378 971 1432 1099 2043 862 1411 2068 1123 1112 1381 1981 2328 1296 1131 1440 1304 2075 1777 1308 964 1533 2390 1684 1205 1125 1586 1659 959 441 1443 1206 1381 1411 1771 1512 1438 1479 1473 1720 1923 1702 1333 2536 2501 1636 1492 1177 1354 647 1492 1679 1327 1449 2299 1475 1289 2040 1948 2045 1610 731 1238 2219 1191 2324 2044 1545 2113 1673 1402 1429 1655 1768 1567 1391 1312 1248 833 2103 1907 1467 1770 1730 1562 1677 2441 1341 1443 1443 1641 1691 1297 2117 1459 1365 1781 1453 1690 1221 631 1299 1451 1872 1194 1736 1122 1447 1622 2405 1372 1814 945 1324 1497 1750 1842 2066 496 1501 1425 2032 1303 1867 1997 1739 1574 842 2193 970 1031 1090 1853 977 1563 1664 1697 1007 1239 1951 2041 2066 1649 869 798 1441 1415 1747 1509 1374 1369 1337 1499 1385 1230 2015 1426 1528 1675 1871 2283 2226 1480 1591 1158 1755 2331 654 2140 2115 2058 757 2262 1510 1531 1238 1274 2197 2127 2332 998 1742 1770 2063 1484 1375 2041 914 1943 2047 1525 1163 1057 2106 1606 1349 1446 997 2315 1668 1545 2416 1469 1940 1640 1221 1433 1657 2217 1824 1429 1456 1540 1568 980 1115 1244 981 762 1331 1470 1693 1514 1630 1659 1334 904 2010 1791 2446 1706 1123 1534 2199 1821 1971 2203 1004 1087 1278 1446 2145 1660 1413 1132 2026 1252 1710 1071 1454 1517 1272 2214 360 2107 2168 1198 1451 1318 1342 1791 2169 1460 904 2084 1420 677 624 1225 589 1307 1680 1738 1470 719 1711 1804 981 906 911 2472 806 2160 1571 1765 670 2566
1062 1041 1482 1113 800 997 1237 1128 2020 1617 1491 1190 1259 1543 608 1147 1853 820 1701 1194 746 1404 880 1587 1405 740 1105 867 1746 814 1272 2164 1940 1170 1054 1174 1545 1140 1434 624 2041 1186 1018 1504 1388 1702 945 1111 1826 1529 1677 1164 474 690 2019 1506 1072 643 1014 1310 1932 1088 1132 1680 2028 1601 1315 1241 1517 936 1265 1137 1057 1142 1223 1247 796 1161 791 1379 1610 974 1442 1485 1865 1376 1747 1198 1098 1925 1203 1348 871 1000 1499 2109 2141 2000 1355 2119 1184 757 1066 1875 2198 1095 1479 1027 1436 1003 1361 1212 1238 1720 1066 727 1005 721 882 2035 789 1077 1765 1119 2029 867 1635 1169 913 1133 1170 738 1120 808 1701 1945 1688 1023 1249 1465 877 1737 1048 1549 1386 1172 1265 1934 1290 1118 1112 795 447 2157 1009 1142 1676 1280 1326 1825 1195 1762 2088 486 1794 1547 2095 1040 1537 1310 952 906 1682 1721 620 910 958 818 1621 1971 1112 1909 933 1183 1181 2222 1248 1058 1197 1583 847 1262 1327 1280 598 1950 1057 1092 885 1717 1269 1808 2221 558 528 1039 1710 538 1163 1003 1352 1351 1011 1261 867 1553 1385 811 1027 1080 1217 764 1588 808 1198 1091 1326 1410 979 904 1289 1320 1535 1006 812 2059 672 1124 1455 1122 1245 1138 1551 549 644 1136 1280 1640 1925 1550 1352 1527 1793 2094 1147 1029 1260 1116 862 998 1625 1945 709 1879 1674 760 1464 1269 1380 2012 931 701 1551 1825 1240 1132 551 1501 1058 1335 619 1459 866 2167 1459 1046 2014 483 2107 360 1516 2320 1114 1708 1566 849 742 1089 2293 445 1213 2184 2109 1242 2073 1446 808 909 1121 1794 1306 971 1485 1632 1561 1616 1764 1292 897 847 2221 883
1185 2143 1364 1247 1579 1215 1315 1238 1556 759 1485 1421 1251 2218 1729 1706 1803 1889 1344 1654 1902 2141 1607 719 2174 1158 1598 1617 1856 1344 2071 1500 1073 1325 1766 1816 1919 1258 1894 1252 1795 1242 859 1419 1527 1197 2017 895 1333 1403 1135 1539 1402 1453 1467 1700 1187 1606 1063 1448 1531 1103 988 1569 2119 2347 1823 1236 1118 1058 1062 1254 1290 1197 2146 688 1332 1423 1663 832 930 1506 1377 1174 1883 2161 970 1784 1284 772 1144 1976 1973 2053 485 1343 1962 1501 560 1637 818 1118 1177 779 1396 1387 1099 1901 760 1220 1158 1377 1482 1699 2170 1763 1581 1354 1793 1302 1472 1048 1262 1267 1380 1311 891 1584 2036 1226 1336 1646 1250 1330 2314 2178 1262 1440 723 1348 1158 2288 1377 921 712 1319 762 2367 1276 1188 2056 1154 1431 2284 1694 1824 620 1315 686 792 869 1068 1844 1454 1578 1516 1683 900 1603 989 1152 1166 2153 2343 1284 2008 918 1451 1714 2313 1280 1300 1082 1117 1305 1619 1292 1255 1269 1299 1940 1164 1020 886 1440 802 873 1241 1572 1394 2208 653 2092 1336 1355 2132 1852 1484 1131 1281 1351 1301 905 619 1157 1557 2306 1203 849 1249 1265 1112 1665 1085 679 1177 1764 1711 903 1311 1244 1112 1939 993 1382 1337 1676 1222 588 1015 1612 1261 889 1698 1437 1269 2034 1030 1198 1943 1678 1283 1569 1902 1468 1362 2167 1167 1349 1106 1210 1700 1169 992 639 1467 1436 1037 521 1103 1999 1857 1550 2351 1402 1247 1345 2370 1471 1679 1258 1285 1750 1763 1074 1242 1488 1490 2168 1516 360 1838 1260 1254 1190 1135 1166 1277 2003 1589 1205 2038 2328 1578 2279 1227 1596 1118 1223 1817 840 1949 1711 1641 1825 667 1723 595 1525 1782 2081 1487
1498 2570 1203 1568 2000 1683 1450 1552 670 1438 1230 1528 1421 1999 2367 1771 1026 2367 985 1674 2570 2047 1949 2194 2100 2190 1720 2722 1228 1871 2097 745 1187 1519 1931 1860 1558 1541 1658 2149 749 1494 1983 1191 1369 1044 2438 2208 897 1161 1096 1618 2244 2019 731 1363 1610 2572 1702 1413 749 1609 1609 1051 1224 2147 1712 1438 1207 1797 1446 1544 1626 1539 2288 1734 1887 1559 2700 2282 1281 1787 1248 1213 1105 2115 1229 1797 1586 1789 1485 1867 2465 2427 1718 935 827 710 1971 572 2169 2086 1617 1601 953 1612 1246 2132 1495 1677 1330 1490 1506 1097 2592 2272 1808 1962 2144 933 1941 2357 971 1563 827 1816 1309 1644 2549 1547 1523 2117 1561 1875 1958 1424 1020 1704 1689 1219 1820 1869 1655 1310 2164 1516 1633 1751 1391 1564 2275 1923 2250 1326 1903 1904 1613 1406 1642 1499 1618 1129 739 2360 917 1182 588 1790 1247 1436 1739 1785 1720 1983 2087 2480 2010 1904 1237 1612 1571 897 1786 1510 1505 613 1435 1623 1484 1100 2432 1424 1407 1523 2094 1759 2122 1588 1916 963 2340 1880 922 2266 2255 2543 1270 2425 1527 1680 1338 1331 2114 1921 2332 1197 2367 1880 1974 1600 1464 2081 1234 1981 1874 1592 1634 1486 2038 1780 1391 1379 1594 2244 1883 901 2621 1556 1637 1607 1584 1543 1335 2484 2052 1546 2031 1189 1013 1582 1522 1154 913 807 1594 1670 2276 1568 1828 1703 1088 797 2082 1256 2076 1964 1241 1452 1938 1213 2423 2540 1195 1863 1469 1549 2274 2326 1685 1541 2138 1221 2107 530 1272 1635 714 2392 1198 2320 1838 360 1567 1009 1140 1863 2212 1594 676 2335 1467 884 1462 1562 1424 1237 2007 1798 1559 1121 1530 2272 1398 1159 1426 2134 1062 1939 1873 2168 904 2643
317 1460 728 373 837 489 488 386 1271 1103 757 528 506 1320 1173 815 1138 1221 954 754 1380 1253 815 1537 1291 1061 708 1550 1087 665 1203 1443 1326 441 911 931 1040 386 997 974 1294 435 995 754 700 989 1321 1254 1092 776 982 638 1045 817 1283 868 446 1376 603 606 1179 523 634 938 1381 1453 922 491 814 682 608 383 424 429 1322 941 680 523 1511 1462 999 660 690 760 1175 1282 1135 891 389 1567 507 1079 1320 1332 1166 1425 1409 1256 1227 1369 1264 955 458 1437 1518 490 781 1090 937 481 637 502 595 1005 1486 1106 723 755 1033 1347 752 1354 1041 368 1315 609 1047 684 1403 399 449 949 372 668 1414 1368 955 571 899 710 649 1392 498 940 1386 438 859 1494 535 432 1255 758 1048 1534 847 949 1263 528 938 1343 751 1107 1342 1164 1042 811 1340 791 835 690 573 609 1265 1443 896 1345 984 715 941 1466 379 1197 657 517 437 1484 494 417 442 835 1286 540 682 754 887 1574 1151 389 776 965 1384 1519 1504 1084 1067 1439 1064 1232 496 473 602 596 1117 1118 1242 829 1465 693 993 396 462 952 897 852 1027 447 865 836 1026 574 538 621 1054 1228 681 1365 1420 399 1068 606 713 383 960 1277 847 383 1157 984 1250 1061 793 778 1041 1357 567 496 1332 453 623 572 899 1195 928 1290 1526 770 721 629 1222 1408 1304 1347 825 1459 535 382 1091 1504 587 789 960 706 988 1413 773 431 1273 1193 1451 1114 1260 1567 360 980 841 703 1083 390 1547 1128 475 1461 1533 681 1488 704 849 647 397 1101 802 1190 865 918 975 1520 1046 1157 724 1042 1501 1497
907 2067 692 977 1453 1077 892 959 699 876 802 1006 838 1714 1792 1321 959 1836 471 1226 1999 1706 1420 1612 1754 1545 1237 2080 1080 1279 1706 822 837 959 1464 1433 1292 955 1337 1514 901 905 1333 723 934 422 1929 1564 478 685 483 1132 1621 1435 671 1040 1000 1944 1066 924 645 981 965 756 1286 1866 1335 849 559 1158 808 957 1045 934 1867 1094 1290 1033 2065 1662 689 1255 742 583 1054 1758 722 1374 1005 1341 866 1512 1936 1933 1129 826 1070 662 1354 797 1531 1442 1005 1155 919 1064 598 1663 871 1072 709 955 1016 895 2092 1725 1299 1362 1634 749 1373 1711 422 979 696 1222 739 1172 2019 950 966 1567 971 1279 1740 1399 390 1163 1046 695 1195 1678 1098 693 1549 954 989 1666 820 956 1823 1291 1632 1447 1415 1468 1081 851 1008 1039 969 621 950 1733 708 791 811 1140 900 788 1117 1162 1521 1770 1462 1958 1360 1335 976 1570 990 581 1151 885 938 873 868 1031 905 535 1901 810 760 873 1496 1325 1475 994 1382 521 1927 1379 1202 1632 1625 2044 1096 1796 905 1090 806 774 1465 1290 1682 833 1985 1258 1325 1008 885 1437 938 1338 1234 980 1252 1124 1388 1190 805 748 1324 1596 1299 759 1997 958 1032 965 1140 958 725 1883 1460 963 1646 588 681 1320 1130 582 696 1010 1081 1107 1867 955 1242 1073 443 809 1443 849 1521 1391 776 809 1325 913 1912 1965 826 1711 948 959 1641 1986 1158 1144 1505 655 1591 893 624 1038 670 1767 1318 1708 1254 1009 980 360 502 1231 1566 1010 1114 1735 867 1147 1523 1107 1474 638 1464 1167 961 1004 883 1783 1068 877 1158 1561 900 1313 1332 1649 1190 1997
767 1935 601 837 1317 935 761 820 830 846 729 882 702 1628 1652 1206 976 1700 528 1114 1859 1608 1287 1542 1655 1410 1116 1943 1060 1138 1598 963 906 826 1343 1321 1225 816 1254 1374 980 766 1211 647 841 509 1796 1451 619 615 521 1013 1479 1294 813 973 858 1803 925 813 761 839 829 747 1299 1778 1237 712 435 1019 668 818 906 793 1750 989 1148 907 1926 1568 663 1123 644 442 1062 1655 749 1265 867 1337 724 1415 1800 1802 1066 949 1141 800 1267 930 1424 1306 863 1161 1043 932 469 1538 792 930 567 829 901 885 1960 1587 1171 1220 1502 871 1234 1593 560 840 833 1080 721 1056 1883 810 834 1430 832 1138 1669 1386 482 1031 939 597 1053 1614 964 640 1460 821 880 1628 688 814 1700 1150 1490 1464 1290 1353 1054 723 913 1047 845 674 1032 1592 749 735 931 1011 842 657 974 1020 1460 1699 1320 1823 1234 1197 936 1545 852 715 1011 742 805 1015 736 891 769 473 1765 668 627 754 1354 1327 1358 854 1249 572 1811 1352 1267 1492 1484 1912 1067 1655 763 950 690 650 1345 1192 1553 780 1875 1116 1203 868 749 1300 892 1201 1127 838 1156 1041 1264 1049 670 606 1255 1475 1158 886 1856 818 963 827 1032 820 675 1741 1318 825 1540 582 785 1252 1037 485 739 1081 957 970 1753 813 1101 932 418 880 1304 897 1466 1251 691 671 1241 988 1779 1824 772 1655 826 819 1500 1884 1029 1049 1364 541 1459 1012 497 897 810 1625 1342 1566 1190 1140 841 502 360 1090 1431 872 1213 1592 726 1213 1523 997 1474 506 1328 1026 821 1002 772 1654 998 845 1099 1497 902 1218 1198 1516 1257 1862
642 1381 1052 694 805 575 829 703 1556 1145 1098 846 824 1514 996 1005 1481 1125 1238 990 1194 1412 842 1326 1437 718 909 1222 1426 577 1321 1680 1455 781 1020 1096 1332 724 1260 645 1623 757 718 1087 1038 1220 1249 954 1350 1102 1191 899 752 679 1543 1198 629 1072 527 946 1475 613 643 1274 1720 1624 1158 803 1036 451 783 719 673 699 1376 817 561 827 1196 1196 1122 781 1022 1012 1518 1419 1260 1082 701 1516 739 1275 1215 1281 1082 1620 1746 1530 1031 1656 985 612 618 1433 1708 760 996 1131 961 583 892 839 912 1348 1408 998 854 579 1017 1546 700 1031 1285 710 1544 564 1150 931 1286 703 786 871 702 562 1639 1692 1213 753 802 1032 415 1639 722 1061 1146 779 801 1779 860 673 1282 420 767 1870 948 1091 1237 865 874 1367 715 1273 1673 861 1368 1152 1642 596 1177 821 491 453 1534 1666 592 1248 684 684 1282 1771 711 1425 444 713 780 1744 830 652 777 1124 1181 800 840 793 685 1534 855 673 811 1261 1436 1425 1845 763 753 1367 1400 924 697 624 938 921 813 918 901 1172 1539 427 720 667 793 610 1239 513 831 643 1127 1143 727 582 848 845 1338 907 615 1571 1126 692 1014 633 990 723 1064 1035 670 725 1295 1151 1435 1348 1091 1071 1365 1693 844 699 1399 662 597 520 1148 1522 587 1397 1359 692 1060 784 1041 1529 1231 1153 1168 1716 872 711 770 1613 794 1081 634 1010 975 1719 975 634 1541 895 1791 849 1135 1863 703 1231 1090 360 740 690 1875 893 768 1801 1858 968 1815 986 823 424 691 1443 824 1173 1190 1262 1292 1329 1388 958 772 1006 1842 1159
1022 1420 1426 1075 1021 955 1210 1083 1901 1343 1478 1221 1201 1795 985 1318 1861 1186 1589 1328 1123 1671 1089 1205 1684 382 1239 879 1803 879 1556 1989 1692 1160 1283 1385 1683 1104 1597 527 1996 1135 675 1463 1417 1543 1315 730 1683 1477 1503 1255 638 866 1872 1572 1008 805 878 1325 1828 978 962 1652 2097 1881 1485 1179 1366 781 1126 1099 1050 1076 1551 948 855 1199 887 999 1384 1100 1399 1359 1898 1660 1510 1388 1081 1578 1105 1570 1248 1366 1172 1900 2124 1869 988 2001 802 489 997 1554 1981 1130 1327 1325 1179 963 1248 1218 1284 1728 1445 1075 1161 809 1185 1833 948 720 1613 1090 1852 901 1395 1279 1294 1082 1165 1021 1082 864 1938 2059 1552 1102 967 1406 794 1954 1088 1330 1004 1159 1002 2117 1236 1050 1443 686 672 2244 1219 1367 1359 1245 1043 1522 971 1551 2046 653 1740 1532 1998 793 1557 1138 871 833 1866 1962 622 1286 619 955 1660 2124 1091 1736 798 1075 1160 2069 1209 1032 1157 1482 1221 1165 1165 1068 792 1607 678 1054 1073 1619 1604 1450 2225 544 573 1416 1776 677 1063 998 1317 1297 634 906 534 1552 1717 761 686 1048 1171 493 1618 595 862 1020 1469 1506 623 932 1222 1195 1684 628 904 1861 874 1072 1151 965 1346 1103 1322 906 821 1106 1547 1440 1717 1696 1452 1432 1736 2070 1209 1064 1584 1037 921 888 1485 1893 521 1621 1298 925 1439 1119 1018 1755 1299 1078 1548 2036 1251 1091 552 1819 1144 1440 545 1377 1154 2077 1302 1014 1875 688 2169 742 1166 2212 1083 1566 1431 740 360 1070 2246 825 1142 2180 2226 1329 2184 1346 1036 799 1070 1824 1077 1308 1561 1642 1659 1237 1768 933 1055 1157 2221 791
346 1429 753 398 806 475 508 415 1299 1129 774 524 535 1301 1144 793 1154 1190 982 736 1350 1231 785 1547 1268 1048 685 1530 1096 637 1178 1473 1357 450 884 908 1034 415 986 956 1316 465 996 777 708 1020 1290 1253 1122 800 1013 622 1022 788 1312 872 452 1352 606 615 1207 535 649 958 1389 1433 906 521 845 678 636 413 394 456 1294 955 653 514 1490 1466 1029 630 713 790 1188 1259 1165 870 371 1590 535 1060 1289 1301 1185 1456 1428 1285 1238 1397 1266 943 464 1462 1549 469 812 1061 962 467 668 508 592 1020 1455 1075 695 728 1002 1378 722 1349 1071 391 1345 582 1076 667 1372 428 455 918 401 641 1399 1371 985 542 914 735 636 1380 470 969 1393 450 877 1488 562 453 1226 743 1024 1541 819 924 1287 551 956 1369 768 1138 1364 1142 1066 830 1367 796 847 718 564 596 1255 1427 875 1314 981 685 951 1464 383 1227 652 543 454 1513 519 398 469 864 1255 571 711 776 860 1597 1150 396 745 993 1357 1539 1521 1065 1046 1408 1071 1210 521 446 624 622 1115 1128 1231 845 1438 676 994 389 489 940 908 842 1036 460 852 832 1024 546 567 651 1046 1224 651 1396 1396 425 1089 622 702 412 989 1250 819 408 1133 1015 1281 1054 786 807 1064 1377 552 466 1305 472 595 571 930 1218 913 1319 1541 740 741 657 1234 1438 1273 1317 841 1448 542 413 1071 1479 562 782 941 735 957 1438 803 416 1302 1170 1460 1089 1277 1594 390 1010 872 690 1070 360 1569 1101 506 1479 1536 671 1491 734 818 638 423 1113 825 1159 867 933 975 1533 1062 1167 693 1011 1518 1481
1482 2444 1183 1551 1924 1673 1420 1539 818 1611 1161 1466 1411 1786 2300 1647 842 2267 1044 1555 2495 1855 1862 2362 1908 2224 1619 2735 1028 1838 1926 1021 1424 1483 1808 1718 1364 1522 1480 2157 612 1482 2059 1152 1277 1166 2320 2303 1030 1133 1228 1526 2231 1972 934 1218 1608 2561 1727 1345 831 1628 1657 972 945 1927 1555 1432 1288 1824 1490 1526 1598 1536 2125 1841 1857 1496 2698 2415 1433 1711 1216 1267 889 1927 1418 1657 1559 2020 1501 1690 2360 2301 1878 1204 559 879 2108 765 2276 2117 1617 1828 1241 1559 1321 2000 1625 1666 1362 1441 1427 955 2464 2186 1716 1932 2036 1182 1883 2442 1100 1541 1062 1787 1474 1541 2443 1536 1483 2038 1544 1845 1722 1154 1112 1640 1792 1202 1826 1626 1605 1446 2303 1482 1733 1480 1377 1562 2128 1934 2232 1025 1792 1765 1805 1378 1760 1718 1694 1309 565 2351 866 1106 688 1851 1134 1504 1745 1788 1488 1744 2083 2370 2076 1848 1086 1336 1545 1090 1808 1531 1475 902 1412 1603 1465 1134 2330 1440 1470 1606 2057 1994 2209 1573 1835 1003 2171 2090 614 2270 2254 2416 1073 2419 1543 1654 1305 1315 2193 2042 2385 1105 2182 1878 2051 1583 1447 2113 1100 2010 1980 1592 1485 1343 2109 1750 1386 1418 1399 2322 1842 1155 2603 1547 1785 1647 1472 1524 1476 2440 2012 1524 1859 1332 1234 1384 1389 1178 870 577 1519 1624 2106 1572 1791 1719 1174 713 2102 1481 2261 1909 1189 1502 2079 1465 2307 2470 1105 1608 1413 1532 2277 2124 1613 1409 2144 1228 2005 620 1350 1618 902 2379 904 2293 2003 676 1547 1114 1213 1875 2246 1569 360 2293 1467 587 1167 1458 1134 1263 1928 1812 1549 931 1625 2147 1251 1037 1247 2308 912 2065 1799 2065 596 2674
1078 955 1493 1128 764 1018 1245 1144 2039 1672 1492 1187 1274 1480 523 1110 1844 736 1720 1165 673 1339 842 1669 1337 822 1079 919 1728 823 1204 2194 1988 1177 1004 1126 1509 1154 1394 697 2043 1202 1092 1511 1381 1732 860 1196 1851 1538 1711 1147 551 681 2044 1488 1094 684 1054 1308 1948 1119 1174 1682 2004 1532 1275 1258 1548 983 1297 1151 1068 1162 1145 1310 808 1157 831 1464 1655 956 1450 1511 1850 1307 1793 1155 1109 1995 1228 1295 785 916 1567 2147 2136 2021 1432 2137 1267 832 1089 1940 2237 1094 1510 958 1490 1023 1385 1214 1230 1713 980 649 977 734 815 2072 773 1163 1793 1132 2060 879 1683 1147 828 1151 1175 685 1134 820 1642 1912 1713 1015 1310 1476 913 1682 1048 1593 1469 1180 1321 1885 1303 1139 1034 843 518 2128 965 1091 1741 1289 1386 1885 1245 1803 2088 567 1800 1547 2108 1098 1529 1348 983 939 1634 1661 675 824 1033 806 1607 1929 1124 1941 977 1211 1190 2246 1259 1072 1210 1602 761 1285 1362 1326 600 2019 1139 1108 853 1733 1190 1881 2210 643 612 954 1690 608 1190 1015 1360 1363 1092 1336 952 1550 1305 847 1101 1095 1230 838 1577 872 1270 1114 1293 1386 1056 914 1305 1349 1497 1091 813 2095 695 1141 1518 1161 1223 1151 1598 509 642 1149 1216 1680 1964 1513 1329 1545 1799 2091 1138 1030 1183 1139 867 1033 1651 1949 779 1930 1753 746 1468 1304 1456 2062 846 629 1548 1770 1240 1147 636 1424 1046 1311 690 1475 804 2179 1492 1062 2037 556 2084 445 1589 2335 1128 1735 1592 893 825 1101 2293 360 1233 2175 2073 1224 2040 1467 769 949 1139 1781 1356 892 1466 1626 1534 1697 1757 1368 873 778 2211 951
401 1576 644 470 953 576 469 453 1166 1008 706 583 421 1394 1285 906 1087 1337 847 832 1492 1339 930 1505 1380 1120 801 1629 1066 773 1300 1329 1214 492 1016 1024 1074 453 1051 1051 1215 407 1007 681 693 874 1437 1267 981 695 867 716 1136 928 1172 869 503 1466 628 606 1078 528 604 870 1355 1533 991 399 698 723 513 453 540 431 1428 901 785 594 1598 1454 891 771 617 645 1137 1374 1025 977 504 1486 422 1158 1436 1447 1102 1309 1341 1148 1197 1266 1267 1013 511 1345 1402 588 666 1200 854 570 521 534 638 957 1602 1222 830 859 1147 1231 867 1382 927 476 1200 716 942 763 1519 443 503 1065 465 774 1475 1367 843 680 854 624 719 1444 608 834 1368 486 806 1525 456 457 1365 827 1143 1514 954 1045 1181 479 879 1247 706 993 1265 1254 960 756 1243 793 805 597 638 682 1307 1504 982 1461 1007 830 917 1482 489 1082 703 453 469 1374 449 524 427 729 1401 426 581 682 993 1489 1165 487 891 863 1490 1449 1445 1166 1152 1554 1049 1320 449 583 542 515 1137 1093 1291 783 1567 775 1003 501 419 1009 870 906 1006 486 924 865 1046 683 440 508 1093 1256 792 1249 1514 451 999 582 774 456 857 1382 954 463 1250 871 1134 1097 832 673 957 1287 646 610 1436 465 735 613 785 1114 994 1180 1479 884 662 538 1187 1296 1420 1458 778 1505 556 453 1173 1598 690 834 1038 606 1103 1318 658 531 1164 1285 1420 1213 1205 1467 475 867 726 768 1142 506 1467 1233 360 1399 1528 738 1481 594 965 705 454 1062 730 1303 875 875 988 1481 994 1130 839 1157 1440 1567
1399 2274 1119 1468 1790 1590 1333 1458 926 1662 1064 1354 1339 1576 2165 1489 691 2112 1054 1403 2353 1655 1723 2393 1706 2158 1475 2649 843 1734 1735 1179 1532 1389 1646 1547 1170 1438 1291 2075 611 1404 2026 1077 1155 1207 2155 2280 1092 1069 1270 1392 2133 1856 1052 1061 1532 2460 1667 1235 896 1567 1614 889 718 1713 1378 1361 1289 1762 1452 1443 1504 1464 1936 1837 1754 1382 2602 2419 1476 1582 1141 1250 703 1728 1489 1488 1468 2108 1443 1499 2202 2131 1912 1347 439 986 2120 909 2263 2051 1543 1917 1399 1450 1316 1830 1644 1582 1323 1339 1306 823 2292 2041 1576 1828 1880 1311 1762 2409 1151 1454 1188 1687 1525 1400 2283 1458 1387 1900 1460 1743 1503 927 1136 1521 1786 1140 1749 1406 1497 1477 2313 1389 1726 1254 1303 1490 1948 1858 2130 802 1639 1594 1866 1295 1765 1803 1671 1380 570 2253 827 1009 812 1812 1007 1482 1670 1710 1273 1524 1993 2209 2036 1729 933 1109 1456 1186 1742 1475 1385 1076 1331 1516 1383 1115 2173 1385 1448 1592 1946 2087 2181 1489 1699 1004 1979 2161 415 2183 2163 2245 888 2322 1483 1560 1222 1244 2160 2042 2330 994 1982 1794 2020 1497 1368 2047 959 1945 1971 1520 1315 1181 2072 1650 1320 1380 1203 2285 1732 1288 2496 1468 1813 1601 1326 1440 1510 2318 1900 1438 1669 1375 1339 1187 1232 1148 835 497 1397 1518 1915 1503 1685 1652 1188 698 2028 1578 2308 1789 1101 1469 2095 1585 2143 2332 997 1384 1308 1450 2189 1917 1489 1252 2060 1181 1852 774 1344 1532 1017 2279 677 2184 2038 884 1461 1147 1213 1801 2180 1479 587 2175 1399 360 941 1318 907 1227 1792 1741 1470 762 1618 1979 1090 911 1065 2346 780 2070 1668 1912 403 2599
1480 1987 1323 1545 1670 1648 1426 1543 1431 2009 1205 1374 1469 1159 2011 1323 927 1893 1412 1277 2164 1282 1591 2658 1325 2205 1367 2612 832 1714 1401 1711 1982 1452 1444 1322 924 1519 1041 2084 1116 1509 2167 1269 1197 1585 1895 2427 1519 1286 1641 1332 2094 1787 1553 1024 1619 2392 1775 1289 1363 1684 1772 1136 610 1261 1160 1490 1585 1854 1642 1524 1548 1569 1596 2057 1737 1391 2540 2622 1825 1505 1312 1519 829 1355 1885 1282 1525 2497 1587 1194 1964 1854 2209 1854 995 1482 2356 1447 2433 2106 1631 2316 1921 1458 1596 1578 1931 1640 1533 1390 1307 997 1999 1862 1464 1798 1675 1802 1686 2526 1554 1525 1685 1685 1882 1313 2035 1550 1444 1755 1538 1727 1032 526 1501 1485 2007 1339 1803 932 1498 1803 2534 1454 1952 716 1437 1590 1645 1904 2080 509 1470 1365 2217 1408 2014 2200 1866 1784 1101 2208 1181 1171 1346 1958 1090 1704 1739 1766 860 1043 1988 1959 2157 1664 976 573 1519 1645 1828 1620 1460 1627 1439 1573 1481 1410 1943 1547 1672 1815 1882 2485 2324 1562 1583 1361 1622 2515 913 2171 2142 1957 840 2275 1617 1594 1353 1398 2290 2257 2395 1131 1590 1826 2164 1563 1475 2104 1025 2012 2172 1615 1142 1079 2199 1653 1466 1583 937 2400 1696 1787 2409 1558 2102 1750 1242 1519 1837 2195 1837 1513 1346 1735 1797 921 1134 1412 1193 1022 1376 1522 1564 1609 1668 1745 1526 1144 2065 2008 2608 1715 1254 1666 2341 2050 1888 2156 1138 877 1357 1533 2174 1490 1444 1147 2067 1403 1663 1332 1619 1592 1517 2224 624 2109 2328 1462 1533 1523 1523 1858 2226 1536 1167 2073 1528 941 360 1256 409 1461 1664 1812 1559 881 1855 1722 1029 1047 926 2625 984 2292 1574 1714 931 2598
634 1367 776 695 832 769 635 701 1308 1379 697 517 707 1017 1207 577 988 1171 1034 480 1397 975 765 1858 1020 1308 521 1732 864 819 960 1541 1539 613 732 686 726 680 676 1188 1218 697 1301 758 554 1140 1236 1555 1195 796 1158 438 1210 912 1361 624 764 1524 916 543 1206 844 954 871 1147 1160 614 716 1007 979 891 684 671 740 1122 1261 842 517 1671 1776 1242 628 725 932 987 1019 1363 628 662 1863 797 786 1266 1225 1478 1573 1285 1314 1549 1395 1573 1211 775 1718 1666 572 988 934 1232 762 849 564 462 863 1390 1088 618 906 943 1496 813 1640 1168 673 1432 788 1297 443 1350 713 601 942 691 832 1097 1089 1077 589 1218 771 914 1071 605 1191 1704 618 1176 1178 697 752 1086 1010 1200 1284 700 722 1558 654 1253 1615 1070 1307 1257 1327 1005 740 1337 1107 684 974 859 879 944 1126 1094 1279 1282 784 745 1163 663 1326 951 821 633 1547 662 703 671 932 1235 793 955 1059 1005 1865 1452 705 740 1020 1181 1827 1350 1279 1253 1340 828 1396 806 708 667 712 1414 1439 1500 725 1238 931 1300 701 679 1210 720 1120 1348 768 546 537 1325 757 728 868 736 1515 804 1505 1553 718 1377 927 396 677 1218 1363 959 669 902 1197 1420 744 482 885 1009 1246 484 629 1120 773 772 878 1044 1136 1168 1519 1847 841 701 916 1543 1621 1221 1375 726 1137 547 692 1283 1248 549 473 1171 817 909 1394 993 720 1341 1348 1225 1242 1578 1562 681 1107 997 968 1329 671 1458 1224 738 1318 1256 360 1215 854 833 929 717 918 1107 1070 603 780 690 1842 907 1478 711 969 1352 1707
1435 1968 1274 1499 1636 1604 1379 1498 1385 1960 1157 1330 1422 1150 1981 1290 878 1868 1363 1240 2137 1268 1557 2609 1313 2163 1330 2575 783 1674 1384 1667 1934 1407 1414 1294 890 1474 1011 2044 1073 1462 2122 1220 1151 1536 1873 2381 1471 1237 1591 1292 2056 1750 1507 980 1574 2356 1730 1244 1317 1638 1725 1087 566 1259 1129 1443 1536 1810 1595 1479 1504 1523 1581 2010 1697 1348 2505 2575 1776 1467 1264 1470 780 1342 1836 1251 1481 2448 1540 1171 1941 1833 2160 1808 957 1437 2308 1404 2387 2063 1586 2266 1876 1415 1547 1553 1882 1596 1484 1345 1263 948 1981 1833 1428 1759 1647 1755 1649 2481 1505 1480 1639 1644 1833 1274 2013 1504 1399 1723 1493 1687 1031 487 1451 1445 1959 1291 1760 930 1456 1754 2487 1409 1904 727 1390 1544 1626 1861 2043 493 1438 1337 2168 1361 1965 2151 1818 1735 1060 2171 1133 1122 1303 1911 1042 1656 1695 1723 845 1044 1948 1937 2112 1626 928 580 1475 1598 1784 1573 1415 1585 1392 1529 1435 1360 1919 1500 1623 1767 1845 2435 2278 1517 1548 1312 1609 2466 882 2132 2104 1938 792 2238 1570 1551 1306 1350 2245 2210 2353 1082 1581 1784 2118 1519 1429 2062 977 1968 2125 1570 1107 1038 2154 1612 1419 1534 905 2356 1657 1741 2376 1513 2053 1703 1202 1474 1788 2163 1799 1468 1327 1685 1749 889 1094 1363 1144 982 1334 1479 1550 1563 1627 1700 1476 1099 2023 1959 2559 1678 1205 1618 2293 2002 1865 2127 1089 882 1312 1488 2135 1486 1404 1108 2026 1354 1634 1291 1570 1548 1471 2187 589 2073 2279 1424 1488 1474 1474 1815 2184 1491 1134 2040 1481 907 409 1215 360 1412 1630 1768 1513 832 1807 1699 985 998 885 2577 935 2245 1538 1685 899 2559
632 1790 498 702 1175 809 615 685 934 930 625 735 560 1495 1517 1061 948 1558 614 970 1724 1468 1142 1564 1514 1324 969 1847 989 1007 1454 1100 1044 681 1196 1176 1108 678 1125 1272 1017 628 1161 552 712 656 1652 1413 748 537 665 867 1366 1161 939 862 734 1694 828 672 849 733 753 712 1254 1643 1099 572 515 925 587 680 768 664 1604 978 1019 760 1822 1560 765 977 522 438 1020 1514 874 1121 728 1427 607 1276 1658 1657 1107 1096 1161 914 1272 1033 1396 1218 741 1261 1189 787 507 1392 830 804 458 682 756 834 1815 1447 1024 1093 1357 1018 1096 1544 700 702 974 950 823 910 1741 676 689 1289 696 1008 1546 1313 612 886 927 484 942 1497 820 724 1460 676 868 1530 542 688 1554 1046 1374 1419 1143 1207 1130 576 919 1151 804 813 1068 1482 764 650 1016 949 744 618 861 907 1346 1576 1209 1680 1174 1058 851 1459 713 858 912 633 660 1140 591 757 627 498 1623 546 583 730 1227 1421 1314 720 1104 635 1665 1423 1277 1389 1377 1767 988 1547 649 816 547 503 1295 1184 1481 692 1730 1002 1154 734 607 1213 803 1111 1108 715 1020 914 1209 916 527 514 1135 1422 1024 1032 1744 685 1000 744 890 682 756 1616 1188 686 1397 706 931 1134 904 445 758 1103 810 828 1607 691 967 826 561 914 1208 1028 1506 1114 579 602 1251 1126 1635 1691 684 1543 680 683 1396 1742 883 913 1260 418 1314 1093 523 765 930 1514 1307 1446 1227 1237 704 638 506 986 1346 734 1263 1467 594 1227 1461 854 1412 360 1185 921 688 951 763 1508 882 773 990 1527 861 1215 1054 1371 1270 1776
804 972 1171 855 377 793 934 873 1729 1549 1139 839 985 1120 733 700 1462 732 1423 760 927 994 433 1781 1008 1021 678 1316 1330 614 882 1925 1808 865 612 727 1100 873 986 869 1684 922 1164 1176 1011 1477 833 1365 1572 1209 1472 762 818 531 1757 1093 860 1089 913 954 1631 924 1023 1326 1599 1204 866 976 1303 898 1082 871 785 908 913 1273 624 809 1237 1627 1475 580 1123 1247 1458 984 1614 749 821 1965 987 907 832 849 1534 1914 1758 1723 1492 1823 1414 959 862 1864 2008 762 1270 669 1368 793 1127 880 864 1335 998 625 576 613 559 1837 484 1394 1526 849 1800 656 1518 752 915 885 859 470 860 626 1270 1502 1437 665 1250 1158 799 1297 725 1414 1593 870 1236 1486 1004 894 819 817 796 1720 560 700 1674 977 1314 1785 1132 1594 1725 919 1454 1191 1779 1056 1153 1155 820 795 1234 1293 775 855 1119 510 1219 1522 836 1683 875 985 885 1955 956 807 918 1306 797 1029 1156 1181 609 1979 1277 842 453 1424 974 1884 1823 914 880 951 1290 982 961 751 1036 1056 1230 1380 1207 1185 1077 755 1169 828 939 962 1194 918 1293 880 884 984 1157 670 1018 1108 1088 1287 576 1854 1105 879 1456 1000 827 869 1429 897 575 863 870 1470 1740 1103 928 1250 1456 1718 774 717 938 904 621 874 1385 1596 898 1766 1822 490 1125 1098 1503 1889 815 902 1185 1383 899 871 914 1160 681 909 851 1176 514 1843 1261 807 1744 929 1680 808 1596 2007 849 1464 1328 823 1036 818 1928 769 965 1792 1664 833 1630 1185 360 839 876 1391 1224 719 1068 1251 1129 1788 1379 1419 494 558 1825 1321
585 1416 989 637 821 524 771 645 1491 1099 1039 798 762 1500 1044 986 1423 1161 1173 962 1245 1404 848 1331 1432 776 885 1286 1374 585 1321 1617 1400 727 1016 1083 1295 666 1229 710 1560 696 737 1025 986 1156 1282 985 1285 1040 1129 864 815 711 1479 1149 569 1136 465 893 1410 548 585 1213 1667 1615 1132 741 972 421 719 661 624 637 1388 793 575 782 1261 1217 1066 766 961 948 1462 1415 1205 1064 649 1488 674 1259 1253 1311 1056 1559 1685 1465 1030 1591 1009 670 558 1396 1649 718 933 1142 914 532 827 786 865 1290 1443 1034 841 612 1037 1486 715 1073 1221 654 1481 555 1096 899 1327 643 733 899 645 572 1619 1646 1149 725 772 970 401 1614 685 1004 1158 725 763 1745 798 611 1298 484 828 1819 944 1083 1202 806 840 1326 669 1214 1610 925 1305 1093 1578 579 1122 760 434 413 1503 1646 655 1286 712 692 1228 1732 657 1362 396 648 724 1680 770 600 718 1059 1219 736 778 740 731 1504 884 617 814 1197 1449 1405 1786 827 818 1401 1349 988 632 581 878 859 845 916 955 1114 1548 464 737 613 732 666 1184 565 826 581 1095 1101 755 563 785 781 1303 948 623 1510 1190 633 981 572 954 666 1010 1093 710 669 1290 1091 1376 1312 1051 1006 1302 1632 804 662 1409 600 592 455 1084 1459 649 1345 1354 712 1000 721 1036 1476 1264 1205 1109 1689 820 653 835 1617 764 1043 699 946 993 1655 912 581 1476 959 1738 909 1118 1798 647 1167 1026 424 799 638 1812 949 705 1741 1812 929 1768 921 839 360 631 1388 774 1195 1143 1204 1248 1329 1330 956 770 1030 1782 1221
322 1488 727 385 863 485 500 376 1260 1067 768 562 499 1357 1191 853 1151 1246 941 792 1398 1291 845 1502 1329 1048 745 1546 1108 678 1240 1424 1295 469 947 969 1073 399 1033 968 1297 427 968 757 723 967 1349 1227 1075 776 957 676 1047 833 1267 894 423 1377 576 629 1171 489 597 944 1401 1491 960 480 789 661 573 394 452 393 1357 904 691 560 1511 1431 966 693 693 739 1192 1320 1103 929 425 1530 473 1117 1345 1361 1128 1400 1416 1242 1193 1359 1236 942 434 1400 1493 527 755 1124 900 478 614 530 628 1018 1514 1129 758 764 1062 1323 774 1332 1021 404 1294 621 1014 722 1427 372 479 973 386 679 1451 1395 937 605 862 708 639 1428 533 907 1353 465 821 1527 532 395 1289 748 1052 1556 882 986 1226 534 900 1307 714 1078 1345 1165 1043 821 1334 761 853 655 559 600 1299 1480 894 1371 959 738 961 1497 417 1175 637 481 458 1469 499 430 446 823 1311 514 648 716 898 1536 1124 393 806 956 1420 1481 1514 1081 1065 1467 1087 1232 459 489 607 594 1092 1084 1226 842 1501 689 965 408 462 938 916 837 993 416 901 868 1001 588 528 592 1088 1206 697 1341 1423 363 1030 570 749 400 926 1288 859 408 1194 955 1224 1094 826 766 1041 1363 604 529 1368 416 640 549 879 1196 917 1257 1490 790 728 594 1186 1377 1332 1363 838 1494 562 386 1088 1541 624 823 955 697 1018 1407 745 436 1259 1195 1470 1121 1223 1559 397 961 821 691 1070 423 1549 1139 454 1470 1559 717 1513 688 876 631 360 1117 764 1220 893 933 1004 1485 1058 1122 753 1070 1511 1489
1043 1877 817 1110 1390 1228 976 1103 976 1488 717 972 1001 1238 1765 1087 454 1710 893 1000 1951 1292 1321 2156 1345 1802 1074 2271 467 1350 1356 1261 1472 1023 1245 1150 800 1081 910 1705 732 1056 1710 764 771 1065 1756 1969 1013 774 1120 994 1750 1464 1084 659 1180 2073 1328 859 888 1230 1300 615 662 1386 984 1023 1066 1418 1153 1086 1135 1118 1554 1564 1372 998 2217 2141 1303 1185 818 1003 434 1362 1365 1089 1102 1976 1116 1121 1800 1733 1696 1375 740 1015 1861 1024 1965 1696 1192 1794 1452 1067 1080 1433 1418 1220 1033 966 917 477 1896 1639 1175 1444 1478 1314 1368 2085 1040 1093 1206 1307 1360 999 1882 1106 1018 1499 1102 1361 1203 756 981 1130 1513 836 1389 1119 1114 1282 2046 1024 1456 1046 966 1142 1557 1497 1745 827 1236 1196 1696 947 1511 1679 1379 1266 752 1870 675 671 933 1495 626 1204 1314 1350 965 1229 1618 1808 1709 1336 533 934 1092 1147 1395 1150 1023 1207 982 1152 1031 889 1771 1067 1171 1317 1556 1963 1867 1130 1298 843 1601 1995 791 1808 1785 1848 509 1939 1152 1189 880 915 1839 1768 1983 639 1617 1427 1705 1136 1020 1693 567 1593 1688 1171 917 779 1749 1271 990 1086 836 1959 1345 1305 2106 1116 1589 1281 925 1082 1317 1921 1509 1078 1289 1213 1293 823 830 895 686 714 1006 1136 1536 1159 1302 1306 1004 698 1666 1492 2096 1395 764 1174 1842 1543 1743 1931 645 1126 933 1094 1813 1568 1095 850 1689 895 1450 956 1104 1169 1050 1894 719 1794 1817 1121 1101 1004 1002 1443 1824 1113 931 1781 1062 762 881 918 832 951 1391 1388 1117 360 1353 1581 688 547 676 2119 464 1801 1270 1510 794 2231
726 1823 896 789 1208 795 837 777 1222 686 1010 951 772 1759 1458 1258 1351 1569 940 1194 1658 1696 1214 1163 1733 1059 1150 1597 1383 976 1642 1275 994 856 1343 1373 1440 794 1421 1068 1391 770 814 950 1046 846 1687 1041 992 939 797 1077 1201 1120 1171 1220 744 1496 677 968 1166 665 560 1115 1656 1895 1358 758 696 733 582 791 845 734 1746 578 974 957 1600 1161 669 1082 903 728 1423 1724 801 1333 829 1125 670 1520 1664 1710 732 1183 1548 1180 868 1318 1011 966 738 1004 1266 932 664 1506 504 797 682 904 1008 1237 1850 1443 1153 1024 1422 1115 1103 1187 918 808 1137 928 688 1124 1739 764 867 1300 790 968 1845 1702 878 1003 527 878 814 1814 933 612 1057 850 468 1886 796 731 1669 872 1221 1820 1275 1388 822 835 518 920 472 833 1443 1296 1151 1046 1334 645 1126 510 767 801 1675 1874 1046 1695 847 1073 1239 1833 821 1025 742 647 835 1362 814 812 796 863 1629 684 543 408 1145 1133 952 788 1175 983 1809 1079 1671 1182 1185 1806 1376 1350 666 852 870 822 943 783 1172 1084 1897 878 804 800 789 960 1190 875 715 729 1294 1232 871 914 763 633 1460 1074 1011 1143 1558 762 629 583 1143 797 607 1495 1124 806 1598 724 999 1464 1202 833 1143 1489 1006 923 1761 712 963 712 813 1290 985 933 1118 1108 961 556 848 1066 1669 1617 1077 1873 926 785 1192 1943 1026 1204 1063 818 1377 1416 636 803 1180 1333 1711 1306 840 1530 802 883 772 824 1077 825 1625 1356 730 1618 1855 1107 1807 763 1224 774 764 1353 360 1583 1231 1172 1345 1130 1265 812 1124 1422 1662 1500
1146 658 1468 1198 736 1150 1252 1215 2016 1907 1407 1137 1313 1002 748 862 1665 551 1728 958 824 853 735 2110 836 1298 916 1429 1497 972 712 2236 2156 1188 701 792 1193 1210 1065 1146 1918 1258 1496 1461 1265 1804 536 1667 1884 1497 1806 1022 1040 857 2061 1288 1213 1191 1272 1234 1915 1281 1383 1581 1723 1021 963 1308 1639 1253 1432 1210 1128 1253 612 1628 980 1110 1325 1935 1826 892 1417 1576 1636 803 1964 851 1160 2323 1334 888 603 515 1891 2244 1961 2019 1833 2105 1726 1263 1216 2224 2337 1082 1609 509 1727 1149 1462 1188 1138 1555 679 604 844 954 520 2166 842 1667 1846 1188 2118 1015 1871 990 673 1228 1180 665 1201 984 1170 1578 1755 985 1607 1459 1154 1233 1055 1766 1916 1194 1595 1462 1326 1242 501 1158 1009 1811 733 745 2034 1292 1673 2144 1492 1937 1953 1097 1715 1451 2048 1409 1387 1508 1180 1153 1232 1184 1069 597 1444 870 1421 1541 1174 2005 1231 1336 1210 2252 1277 1154 1249 1616 586 1369 1507 1539 891 2338 1590 1188 774 1721 658 2238 2001 1146 1110 630 1452 1141 1312 1102 1339 1369 1541 1723 1462 1434 774 1105 1502 1174 1268 1267 1410 1246 1639 1232 1024 1164 1479 1029 1345 1451 1168 1575 935 2180 1175 1223 1815 1359 1047 1207 1783 940 881 1200 749 1814 2075 1185 1119 1562 1719 1930 1063 1053 651 1255 980 1234 1709 1842 1200 2117 2164 843 1406 1450 1847 2238 526 830 1436 1321 1197 1212 1142 892 985 1099 1131 1488 566 2103 1602 1157 2043 1089 1804 971 1949 2272 1190 1783 1654 1173 1308 1159 2147 892 1303 1979 1722 1070 1699 1508 719 1195 1220 1581 1583 360 1256 1480 1275 2124 1597 1761 827 526 2007 1479
813 1553 756 877 1068 979 767 877 1184 1451 629 704 822 1010 1440 759 769 1382 971 673 1624 1024 997 2019 1076 1540 750 1975 622 1059 1060 1447 1538 784 917 828 587 854 636 1426 1027 849 1501 711 544 1117 1430 1760 1128 746 1153 682 1453 1155 1262 394 952 1768 1109 629 1082 1021 1117 726 904 1163 674 839 1035 1185 1009 859 878 906 1250 1415 1082 723 1915 1964 1287 871 720 958 751 1086 1386 766 856 1947 937 835 1472 1410 1600 1516 1066 1204 1712 1258 1769 1439 964 1784 1604 791 1030 1109 1333 971 922 723 638 662 1573 1311 852 1149 1150 1444 1056 1856 1123 857 1358 1024 1345 678 1554 885 776 1174 871 1071 1033 863 1039 830 1368 763 1135 976 833 1247 1882 788 1317 1016 795 926 1241 1237 1444 1044 908 874 1647 758 1387 1673 1221 1309 1058 1571 858 637 1184 1294 532 1083 1070 1097 823 1063 1333 1481 1489 1028 525 967 851 1268 1159 968 795 1427 785 904 820 901 1443 908 1054 1186 1249 1943 1656 894 976 939 1302 1934 1118 1521 1495 1525 584 1640 960 925 722 773 1622 1608 1729 599 1333 1160 1498 895 818 1437 524 1343 1520 950 597 452 1531 990 827 961 617 1731 1047 1445 1796 893 1494 1093 602 853 1279 1602 1203 846 994 1219 1389 614 502 873 865 1034 713 856 1238 946 1011 1077 1028 960 1400 1535 1988 1085 667 1034 1701 1618 1417 1604 605 1021 691 867 1525 1307 792 521 1409 828 1122 1228 1044 923 1235 1592 981 1485 1711 1398 865 1068 998 1190 1561 867 1251 1466 875 1090 1029 603 985 882 1068 1143 893 688 1231 1256 360 600 474 1995 702 1645 952 1181 1121 1948
859 1778 636 927 1248 1047 792 919 945 1328 530 802 814 1239 1623 977 582 1591 769 882 1817 1263 1185 1975 1315 1620 941 2099 577 1182 1301 1215 1354 843 1138 1061 796 898 873 1528 799 871 1522 582 604 934 1650 1782 915 598 981 849 1582 1306 1030 566 996 1908 1142 684 845 1043 1112 493 846 1391 913 836 901 1233 967 903 957 932 1489 1380 1203 831 2050 1955 1148 1036 631 833 621 1326 1225 998 922 1822 929 1076 1685 1635 1521 1298 870 969 1677 1017 1777 1514 1007 1646 1384 898 910 1336 1244 1039 849 789 755 448 1799 1508 1038 1276 1361 1229 1212 1898 924 911 1135 1136 1206 864 1768 921 839 1361 919 1191 1240 903 850 970 1329 653 1208 1169 945 1120 1861 843 1272 1150 779 957 1475 1316 1579 1009 1117 1105 1534 761 1330 1531 1193 1134 836 1702 618 486 943 1307 457 1022 1131 1168 1011 1268 1444 1697 1522 1179 461 1060 912 1055 1210 962 841 1188 796 971 846 733 1654 879 988 1133 1394 1812 1680 948 1157 728 1542 1830 950 1634 1613 1750 582 1771 964 1012 693 728 1652 1583 1799 452 1574 1249 1518 954 834 1511 437 1410 1502 986 834 687 1562 1099 802 902 831 1772 1180 1227 1944 932 1414 1094 796 899 1155 1769 1348 896 1235 1064 1188 823 723 727 626 827 847 966 1478 973 1134 1121 858 723 1486 1363 1920 1239 577 989 1660 1430 1636 1793 458 1196 757 911 1640 1546 940 742 1513 716 1328 989 932 988 1002 1727 906 1632 1641 1159 918 877 845 1262 1642 933 1037 1626 875 911 1047 780 998 773 1251 1204 933 547 1172 1480 600 360 657 1940 491 1617 1123 1389 949 2054
924 1569 860 987 1132 1084 880 988 1238 1560 730 811 936 944 1495 798 769 1417 1056 729 1670 981 1056 2133 1034 1638 816 2057 582 1149 1039 1512 1633 895 948 843 499 964 594 1519 1042 962 1610 811 658 1210 1452 1868 1208 844 1250 767 1536 1233 1327 487 1062 1844 1219 742 1140 1133 1230 790 830 1096 672 954 1140 1293 1123 969 984 1019 1237 1529 1172 826 1992 2076 1393 948 827 1064 723 1049 1488 785 964 2057 1051 805 1502 1425 1714 1594 1054 1265 1826 1304 1880 1539 1074 1891 1680 892 1137 1126 1445 1076 1034 834 743 692 1587 1358 917 1235 1186 1524 1132 1962 1210 967 1432 1118 1451 753 1582 996 886 1230 982 1162 944 760 1129 920 1482 869 1238 879 931 1355 1995 898 1431 903 909 1037 1243 1337 1525 956 952 890 1758 872 1501 1780 1335 1406 1067 1652 912 727 1222 1406 619 1196 1176 1201 722 973 1424 1507 1597 1107 559 854 960 1348 1266 1082 907 1480 899 1011 933 997 1475 1022 1168 1300 1328 2052 1765 1003 1041 1019 1284 2046 1085 1609 1581 1539 537 1720 1074 1028 835 885 1730 1721 1828 685 1302 1259 1608 1003 931 1537 584 1445 1633 1060 615 513 1639 1086 941 1075 535 1836 1133 1522 1868 1004 1607 1206 678 963 1387 1666 1281 957 973 1321 1476 526 570 974 921 1030 809 955 1220 1058 1102 1186 1125 991 1498 1634 2102 1161 772 1148 1815 1711 1440 1654 692 916 802 978 1612 1261 879 585 1501 934 1163 1257 1153 1030 1298 1671 911 1561 1825 1426 975 1158 1099 1292 1659 975 1247 1534 988 1065 926 690 885 990 1129 1248 1004 676 1345 1275 474 657 360 2109 724 1758 1024 1220 1091 2036
1447 2282 1663 1507 1771 1454 1590 1500 1859 1059 1780 1686 1532 2463 1852 1947 2108 2036 1652 1906 2000 2373 1811 434 2401 1236 1841 1591 2153 1546 2289 1784 1341 1591 1986 2050 2194 1522 2158 1365 2102 1513 988 1718 1811 1505 2166 881 1638 1704 1442 1795 1506 1629 1765 1986 1440 1639 1299 1727 1838 1357 1247 1872 2422 2583 2078 1515 1424 1268 1347 1518 1540 1462 2342 941 1530 1684 1661 670 1236 1734 1673 1478 2186 2385 1265 2025 1541 863 1419 2220 2109 2210 793 1616 2270 1802 659 1937 800 1234 1429 973 1658 1640 1404 2098 1065 1460 1452 1647 1751 2001 2309 1914 1809 1536 1976 1584 1668 991 1568 1528 1671 1525 1195 1838 2163 1489 1602 1819 1510 1531 2570 2472 1570 1680 987 1646 1364 2552 1623 1229 600 1586 1037 2646 1560 1449 2243 1331 1539 2586 1914 2052 885 1596 971 1032 1135 1367 2152 1529 1886 1814 1987 1113 1897 1281 1378 1382 2424 2599 1422 2147 1040 1653 2009 2601 1539 1598 1296 1389 1574 1907 1570 1505 1541 1605 2080 1447 1313 1172 1595 905 919 1497 1780 1702 2401 705 2400 1420 1448 2275 2147 1541 1400 1521 1638 1591 965 773 1165 1854 2506 1395 982 1503 1540 1229 1960 1237 864 1433 2025 1986 1009 1532 1528 1403 2211 995 1584 1619 1709 1484 894 1274 1874 1524 1196 1782 1603 1532 2260 1337 1486 2217 1949 1587 1876 2210 1725 1605 2367 1428 1561 1340 1517 2008 1294 1262 450 1658 1731 1323 658 1355 2149 1955 1847 2619 1675 1510 1429 2583 1715 1948 1376 1584 1936 2066 1378 1490 1788 1561 2472 1616 667 2134 1520 1561 1497 1329 1237 1533 2308 1697 1481 2346 2625 1842 2577 1527 1788 1329 1485 2119 1130 2124 1995 1940 2109 360 2026 733 1739 1959 2389 1451
985 1895 732 1053 1377 1174 918 1045 887 1387 650 933 933 1304 1752 1095 453 1714 789 1003 1945 1345 1312 2065 1398 1746 1067 2229 554 1313 1396 1170 1368 971 1256 1171 859 1024 956 1658 684 994 1637 682 735 961 1769 1895 910 686 1016 977 1713 1437 990 669 1121 2040 1263 815 795 1163 1225 514 757 1455 1014 955 968 1355 1071 1029 1086 1055 1590 1479 1334 962 2182 2059 1202 1166 741 908 520 1412 1261 1109 1051 1873 1044 1165 1807 1751 1600 1277 739 923 1773 944 1887 1640 1132 1691 1356 1029 984 1451 1323 1167 948 919 886 404 1915 1635 1165 1408 1483 1214 1344 2016 936 1039 1108 1267 1259 990 1890 1046 969 1489 1046 1322 1283 860 877 1102 1427 752 1335 1203 1076 1183 1960 971 1369 1145 897 1080 1584 1444 1710 922 1239 1217 1596 884 1421 1575 1297 1162 716 1833 574 598 859 1422 587 1118 1257 1295 1046 1310 1574 1818 1640 1310 537 1036 1040 1045 1334 1078 969 1124 919 1099 971 789 1777 991 1084 1230 1526 1860 1794 1074 1286 739 1640 1894 819 1764 1744 1866 585 1902 1082 1141 813 842 1768 1684 1923 576 1665 1378 1632 1081 957 1636 548 1535 1605 1110 940 794 1679 1230 918 1003 896 1890 1312 1206 2076 1056 1495 1208 920 1025 1217 1900 1480 1023 1330 1110 1190 884 837 799 586 698 978 1097 1576 1095 1265 1244 902 626 1614 1388 2001 1371 692 1092 1753 1440 1755 1922 580 1216 888 1036 1770 1626 1071 857 1642 807 1452 893 1009 1116 957 1859 806 1764 1723 1062 1046 900 902 1388 1768 1062 912 1757 994 780 984 907 935 861 1379 1330 1058 464 1265 1597 702 491 724 2026 360 1716 1253 1513 818 2183
1084 1937 1344 1143 1402 1082 1237 1138 1641 892 1450 1324 1185 2091 1514 1574 1803 1686 1384 1536 1679 2000 1439 741 2028 926 1469 1384 1823 1174 1917 1632 1242 1231 1613 1677 1836 1161 1793 1030 1839 1157 636 1397 1463 1265 1815 674 1410 1389 1207 1427 1179 1264 1569 1640 1074 1371 928 1376 1598 993 888 1567 2103 2210 1709 1166 1142 895 1010 1156 1172 1103 1973 597 1159 1320 1428 710 1019 1361 1345 1180 1872 2012 1100 1653 1175 1006 1068 1848 1765 1855 636 1495 1998 1591 433 1730 607 896 1062 1005 1560 1272 1113 1728 804 1089 1128 1289 1390 1686 1963 1561 1436 1168 1610 1444 1298 832 1336 1164 1503 1151 999 1469 1824 1128 1241 1456 1147 1159 2201 2134 1313 1308 648 1325 991 2186 1253 989 604 1226 706 2290 1216 1087 1876 964 1210 2266 1541 1679 824 1248 665 998 786 1181 1890 1224 1602 1491 1761 740 1563 957 1005 1008 2062 2229 1073 1801 695 1282 1676 2252 1174 1407 922 1037 1215 1741 1220 1137 1186 1314 1733 1105 991 845 1239 1037 639 1132 1408 1430 2033 877 2123 1107 1128 1927 1812 1251 1044 1150 1299 1254 669 399 924 1527 2136 1024 628 1137 1187 890 1628 878 491 1069 1659 1629 674 1159 1186 1074 1851 763 1212 1478 1442 1121 673 913 1509 1163 964 1471 1241 1170 1886 1110 1332 1857 1589 1286 1594 1939 1358 1234 1997 1066 1188 969 1252 1739 951 1161 762 1288 1401 988 448 1285 1798 1634 1520 2255 1319 1148 1116 2211 1343 1586 1038 1268 1569 1843 1085 1121 1585 1260 2160 1292 595 1939 1157 1313 1218 958 933 1167 2065 1368 1130 2070 2292 1478 2245 1215 1419 956 1122 1801 812 1761 1645 1617 1758 733 1716 360 1366 1595 2113 1257
679 1097 1037 731 487 688 801 748 1595 1444 1006 705 855 1109 860 625 1337 864 1289 657 1058 1001 452 1738 1025 1037 568 1397 1214 556 910 1792 1689 733 607 693 1013 746 911 895 1553 794 1129 1042 881 1347 958 1352 1439 1074 1345 636 880 572 1624 975 746 1180 825 821 1497 818 926 1194 1492 1213 794 846 1176 832 964 745 661 786 985 1197 576 674 1328 1604 1359 447 988 1118 1338 1006 1496 692 695 1878 866 876 964 968 1454 1786 1632 1589 1440 1689 1391 958 750 1767 1879 628 1145 742 1267 686 999 746 732 1209 1123 759 471 606 669 1708 473 1401 1394 723 1668 575 1404 634 1048 761 726 603 735 572 1245 1410 1305 531 1169 1024 735 1258 593 1298 1558 737 1148 1427 872 775 905 784 865 1620 536 682 1582 844 1228 1683 1041 1471 1595 993 1321 1058 1645 990 1025 1041 734 720 1175 1270 796 986 1090 460 1097 1448 709 1552 805 868 753 1821 823 687 788 1173 930 904 1039 1078 667 1890 1257 720 412 1290 1048 1807 1701 964 933 1075 1177 1060 844 635 902 922 1212 1326 1230 1054 1141 709 1132 706 808 959 1069 896 1236 765 793 873 1132 575 887 985 1007 1286 521 1724 1205 756 1368 900 710 742 1315 1011 622 735 883 1348 1613 1021 816 1117 1323 1590 641 588 1003 788 538 784 1254 1464 902 1650 1765 501 991 982 1446 1770 941 1032 1054 1340 764 746 966 1206 548 799 877 1042 624 1709 1137 689 1610 1009 1571 897 1525 1873 724 1332 1198 772 1055 693 1799 873 839 1668 1574 711 1538 1054 494 770 753 1270 1124 827 952 1123 1024 1739 1253 1366 360 678 1703 1387
998 779 1345 1049 573 992 1117 1067 1900 1747 1297 1010 1173 1064 667 783 1588 561 1601 870 812 920 588 1947 918 1146 809 1335 1435 808 786 2107 2005 1050 634 751 1160 1064 1035 992 1828 1113 1331 1343 1160 1665 640 1509 1754 1378 1664 909 899 691 1936 1211 1058 1097 1109 1117 1800 1122 1221 1479 1684 1114 921 1165 1495 1087 1279 1064 979 1103 753 1462 814 981 1240 1777 1673 754 1294 1436 1571 889 1811 799 1013 2158 1183 896 657 651 1726 2104 1886 1898 1667 1992 1566 1103 1060 2061 2198 944 1463 539 1566 991 1318 1057 1022 1469 804 510 720 788 399 2027 678 1518 1711 1041 1985 853 1716 886 741 1079 1042 501 1053 818 1227 1560 1622 845 1442 1333 989 1275 912 1612 1754 1055 1430 1489 1189 1090 647 992 870 1788 633 708 1870 1158 1508 1982 1328 1789 1866 972 1611 1345 1941 1242 1293 1353 1016 988 1245 1245 910 673 1281 708 1342 1549 1028 1870 1066 1182 1071 2131 1140 1003 1107 1486 625 1223 1354 1379 731 2173 1430 1037 627 1599 808 2072 1938 1005 969 756 1392 1024 1158 947 1212 1237 1381 1557 1317 1334 920 939 1337 1023 1127 1107 1325 1082 1473 1077 964 1091 1317 869 1205 1303 1141 1421 771 2042 1094 1074 1650 1198 953 1061 1627 862 717 1054 799 1666 1932 1157 1040 1431 1614 1851 939 907 786 1101 818 1071 1572 1745 1041 1963 1998 677 1290 1295 1681 2086 623 802 1335 1363 1070 1064 1002 1023 853 1020 976 1357 420 2001 1455 1003 1921 970 1765 847 1782 2168 1042 1649 1516 1006 1157 1011 2065 778 1157 1912 1714 969 1685 1371 558 1030 1070 1510 1422 526 1181 1389 1220 1959 1513 1595 678 360 1942 1368
1440 2300 1162 1508 1824 1630 1373 1498 963 1705 1104 1391 1380 1590 2199 1519 728 2142 1097 1434 2385 1673 1756 2436 1724 2199 1508 2687 870 1772 1756 1212 1572 1428 1675 1574 1191 1478 1315 2115 653 1445 2069 1119 1192 1250 2183 2323 1133 1111 1313 1426 2171 1893 1089 1093 1573 2498 1709 1273 937 1608 1657 931 719 1725 1404 1402 1332 1803 1495 1483 1544 1505 1958 1880 1792 1420 2640 2463 1519 1617 1183 1293 731 1746 1531 1516 1508 2149 1485 1521 2231 2157 1956 1382 480 1024 2164 942 2306 2092 1584 1958 1432 1487 1359 1857 1688 1622 1366 1377 1342 861 2318 2073 1609 1866 1910 1347 1798 2452 1193 1494 1225 1725 1567 1433 2312 1498 1426 1933 1500 1781 1511 930 1179 1557 1829 1182 1789 1413 1534 1520 2356 1428 1770 1253 1344 1530 1972 1898 2168 788 1669 1621 1909 1336 1809 1844 1714 1421 609 2291 871 1049 846 1855 1043 1525 1710 1750 1284 1531 2032 2237 2078 1765 966 1107 1496 1225 1784 1517 1425 1105 1371 1555 1424 1158 2203 1427 1491 1635 1982 2128 2224 1529 1732 1048 2000 2203 378 2222 2202 2271 914 2360 1524 1599 1263 1285 2202 2085 2371 1033 2000 1834 2063 1537 1409 2088 994 1986 2015 1560 1343 1211 2115 1688 1361 1423 1224 2328 1769 1324 2533 1509 1856 1643 1359 1480 1553 2353 1936 1478 1691 1418 1378 1208 1263 1191 879 539 1433 1556 1936 1544 1723 1693 1231 741 2068 1618 2351 1825 1142 1512 2138 1623 2171 2365 1037 1388 1346 1490 2228 1932 1525 1283 2100 1224 1883 804 1387 1572 1054 2317 670 2221 2081 904 1501 1190 1257 1842 2221 1518 596 2211 1440 403 931 1352 899 1270 1825 1782 1511 794 1662 2007 1121 949 1091 2389 818 2113 1703 1942 360 2639
1439 1475 1851 1491 1311 1368 1626 1501 2333 1739 1895 1619 1624 2066 1092 1649 2275 1307 2021 1682 1117 1927 1389 1396 1927 813 1591 501 2200 1248 1795 2415 2094 1571 1572 1689 2040 1520 1937 885 2422 1556 1061 1886 1820 1973 1415 955 2113 1902 1931 1629 867 1175 2302 1963 1428 664 1308 1731 2259 1406 1393 2073 2491 2123 1819 1603 1797 1211 1558 1515 1457 1498 1732 1344 1225 1594 595 1148 1802 1452 1822 1791 2305 1898 1920 1708 1491 1886 1533 1867 1327 1477 1527 2316 2545 2300 1288 2433 1037 918 1418 1902 2395 1525 1758 1548 1588 1376 1679 1624 1678 2141 1495 1238 1498 1160 1405 2252 1274 820 2043 1504 2277 1285 1806 1644 1337 1502 1574 1261 1498 1236 2224 2432 1984 1477 1373 1831 1210 2258 1479 1750 1215 1571 1416 2447 1659 1472 1620 1101 885 2631 1522 1660 1718 1664 1443 1890 1397 1970 2472 763 2167 1949 2429 1220 1965 1569 1290 1249 2195 2245 974 1363 1017 1294 2063 2475 1503 2163 1226 1504 1574 2498 1628 1443 1575 1913 1313 1594 1597 1494 1081 1921 979 1469 1387 2050 1772 1739 2642 787 815 1484 2169 705 1491 1402 1737 1720 958 1244 699 1966 1888 1164 1072 1461 1591 923 2023 1025 1231 1442 1820 1882 1002 1321 1647 1627 2034 854 1262 2282 711 1491 1531 1397 1717 1519 1739 914 1125 1521 1804 1864 2136 2048 1826 1862 2163 2493 1595 1456 1771 1461 1296 1314 1916 2320 932 2019 1532 1246 1858 1551 1326 2151 1405 1082 1962 2344 1657 1508 783 2011 1517 1811 901 1806 1389 2508 1733 1426 2306 759 2566 883 1487 2643 1497 1997 1862 1159 791 1481 2674 951 1567 2599 2598 1707 2559 1776 1321 1221 1489 2231 1500 1479 1948 2054 2036 1451 2183 1257 1387 1368 2639 360
